# Heating rates from Oleg Korobkin (WinNet+Decay Network)
# 1st block is thermalization parameters, 2nd block is heating rates

# 1st line is thermalization option for columns 4-8 in the heating rates
# 2nd line is thermalization parameter (use depends on option in 1st line)
           1             1             0             1             1
1.200000E-11  1.300000E-11  1.000000E+00  1.300000E-11  2.000000E-12

# 417
# 1:time[s], 2:total nuclear heating rate[erg/(g*s)] 3:total radiation[erg/g*s]
# 4:alpha 5:beta 6:gamma 7:electrons 8:fission products
4.901156E+00  8.326895E+15  2.677170E+15  0.000000E+00  1.544684E+15  1.130888E+15  1.597830E+12  0.000000E+00
5.153972E+00  7.690903E+15  2.511365E+15  0.000000E+00  1.448393E+15  1.061434E+15  1.537482E+12  0.000000E+00
5.420833E+00  7.098221E+15  2.354020E+15  0.000000E+00  1.357133E+15  9.954075E+14  1.479733E+12  0.000000E+00
5.701740E+00  6.547980E+15  2.205235E+15  0.000000E+00  1.270954E+15  9.328570E+14  1.424620E+12  0.000000E+00
5.996692E+00  6.038780E+15  2.064945E+15  0.000000E+00  1.189810E+15  8.737626E+14  1.372141E+12  0.000000E+00
6.306563E+00  5.568085E+15  1.932725E+15  0.000000E+00  1.113449E+15  8.179536E+14  1.322169E+12  0.000000E+00
6.631669E+00  5.133212E+15  1.808134E+15  0.000000E+00  1.041605E+15  7.652540E+14  1.274587E+12  0.000000E+00
6.975899E+00  4.728220E+15  1.689713E+15  0.000000E+00  9.734290E+14  7.150556E+14  1.228874E+12  0.000000E+00
7.339254E+00  4.352755E+15  1.577588E+15  0.000000E+00  9.089826E+14  6.674200E+14  1.185109E+12  0.000000E+00
7.721732E+00  4.005964E+15  1.471762E+15  0.000000E+00  8.482576E+14  6.223615E+14  1.143326E+12  0.000000E+00
8.128551E+00  3.682864E+15  1.370957E+15  0.000000E+00  7.905072E+14  5.793464E+14  1.103038E+12  0.000000E+00
8.566681E+00  3.378940E+15  1.273949E+15  0.000000E+00  7.350214E+14  5.378641E+14  1.063755E+12  0.000000E+00
9.004803E+00  3.112992E+15  1.187137E+15  0.000000E+00  6.854397E+14  5.006693E+14  1.028109E+12  0.000000E+00
9.467265E+00  2.866680E+15  1.104963E+15  0.000000E+00  6.385680E+14  4.654012E+14  9.938655E+11  0.000000E+00
9.954066E+00  2.639356E+15  1.027470E+15  0.000000E+00  5.944168E+14  4.320923E+14  9.610441E+11  0.000000E+00
1.031918E+01  2.487065E+15  9.746020E+14  0.000000E+00  5.643206E+14  4.093432E+14  9.383083E+11  0.000000E+00
1.067197E+01  2.352849E+15  9.273314E+14  0.000000E+00  5.374259E+14  3.889878E+14  9.177048E+11  0.000000E+00
1.104155E+01  2.224432E+15  8.814714E+14  0.000000E+00  5.113453E+14  3.692287E+14  8.974297E+11  0.000000E+00
1.144473E+01  2.096675E+15  8.352190E+14  0.000000E+00  4.850502E+14  3.492922E+14  8.766606E+11  0.000000E+00
1.184790E+01  1.980272E+15  7.925095E+14  0.000000E+00  4.607743E+14  3.308780E+14  8.571557E+11  0.000000E+00
1.225108E+01  1.873887E+15  7.529864E+14  0.000000E+00  4.383115E+14  3.138361E+14  8.387867E+11  0.000000E+00
1.268786E+01  1.768621E+15  7.134058E+14  0.000000E+00  4.158151E+14  2.967707E+14  8.200395E+11  0.000000E+00
1.312464E+01  1.672535E+15  6.768560E+14  0.000000E+00  3.950378E+14  2.810158E+14  8.023710E+11  0.000000E+00
1.359502E+01  1.578110E+15  6.405404E+14  0.000000E+00  3.743876E+14  2.653683E+14  7.844276E+11  0.000000E+00
1.406539E+01  1.491977E+15  6.070651E+14  0.000000E+00  3.553445E+14  2.509532E+14  7.674959E+11  0.000000E+00
1.456936E+01  1.407801E+15  5.740282E+14  0.000000E+00  3.365404E+14  2.367375E+14  7.503644E+11  0.000000E+00
1.507334E+01  1.331032E+15  5.436209E+14  0.000000E+00  3.192213E+14  2.236654E+14  7.341739E+11  0.000000E+00
1.561091E+01  1.256344E+15  5.137863E+14  0.000000E+00  3.022149E+14  2.108535E+14  7.178385E+11  0.000000E+00
1.614848E+01  1.188219E+15  4.863612E+14  0.000000E+00  2.865676E+14  1.990912E+14  7.023742E+11  0.000000E+00
1.671965E+01  1.122182E+15  4.595891E+14  0.000000E+00  2.712772E+14  1.876250E+14  6.868057E+11  0.000000E+00
1.729082E+01  1.061925E+15  4.350055E+14  0.000000E+00  2.572208E+14  1.771127E+14  6.720424E+11  0.000000E+00
1.789559E+01  1.003689E+15  4.111139E+14  0.000000E+00  2.435429E+14  1.669137E+14  6.572066E+11  0.000000E+00
1.853396E+01  9.477028E+14  3.880309E+14  0.000000E+00  2.303098E+14  1.570788E+14  6.423533E+11  0.000000E+00
1.917233E+01  8.966889E+14  3.669097E+14  0.000000E+00  2.181833E+14  1.480982E+14  6.282535E+11  0.000000E+00
1.984429E+01  8.477313E+14  3.465705E+14  0.000000E+00  2.064872E+14  1.394691E+14  6.141531E+11  0.000000E+00
2.051626E+01  8.030739E+14  3.279679E+14  0.000000E+00  1.957718E+14  1.315953E+14  6.007478E+11  0.000000E+00
2.122182E+01  7.602841E+14  3.101086E+14  0.000000E+00  1.854663E+14  1.240550E+14  5.873584E+11  0.000000E+00
2.196098E+01  7.195034E+14  2.930663E+14  0.000000E+00  1.756130E+14  1.168793E+14  5.740342E+11  0.000000E+00
2.276734E+01  6.790811E+14  2.761651E+14  0.000000E+00  1.658208E+14  1.097840E+14  5.602335E+11  0.000000E+00
2.357370E+01  6.423920E+14  2.608284E+14  0.000000E+00  1.569152E+14  1.033661E+14  5.471358E+11  0.000000E+00
2.438006E+01  6.089883E+14  2.468783E+14  0.000000E+00  1.487961E+14  9.754746E+13  5.346836E+11  0.000000E+00
2.525362E+01  5.760654E+14  2.331515E+14  0.000000E+00  1.407876E+14  9.184209E+13  5.218636E+11  0.000000E+00
2.612717E+01  5.461325E+14  2.207007E+14  0.000000E+00  1.335046E+14  8.668642E+13  5.096853E+11  0.000000E+00
2.706792E+01  5.168340E+14  2.085503E+14  0.000000E+00  1.263778E+14  8.167525E+13  4.972305E+11  0.000000E+00
2.800867E+01  4.902114E+14  1.975500E+14  0.000000E+00  1.199069E+14  7.715770E+13  4.854066E+11  0.000000E+00
2.901662E+01  4.642901E+14  1.868850E+14  0.000000E+00  1.136141E+14  7.279753E+13  4.733825E+11  0.000000E+00
3.002457E+01  4.407307E+14  1.772382E+14  0.000000E+00  1.079039E+14  6.887240E+13  4.619726E+11  0.000000E+00
3.109971E+01  4.178791E+14  1.679305E+14  0.000000E+00  1.023759E+14  6.510421E+13  4.504254E+11  0.000000E+00
3.217486E+01  3.970882E+14  1.595100E+14  0.000000E+00  9.735744E+13  6.171312E+13  4.394711E+11  0.000000E+00
3.331720E+01  3.769728E+14  1.514116E+14  0.000000E+00  9.251355E+13  5.846957E+13  4.284303E+11  0.000000E+00
3.445954E+01  3.586391E+14  1.440758E+14  0.000000E+00  8.810960E+13  5.554819E+13  4.179573E+11  0.000000E+00
3.566908E+01  3.409254E+14  1.370321E+14  0.000000E+00  8.386509E+13  5.275957E+13  4.074383E+11  0.000000E+00
3.687862E+01  3.247420E+14  1.306367E+14  0.000000E+00  7.999650E+13  5.024276E+13  3.974595E+11  0.000000E+00
3.815535E+01  3.091127E+14  1.244974E+14  0.000000E+00  7.626852E+13  4.784137E+13  3.874661E+11  0.000000E+00
3.949928E+01  2.940714E+14  1.186236E+14  0.000000E+00  7.268788E+13  4.555824E+13  3.774981E+11  0.000000E+00
4.084321E+01  2.802959E+14  1.132733E+14  0.000000E+00  6.941378E+13  4.349151E+13  3.680503E+11  0.000000E+00
4.225434E+01  2.670238E+14  1.081436E+14  0.000000E+00  6.626289E+13  4.152205E+13  3.586452E+11  0.000000E+00
4.379986E+01  2.537354E+14  1.030303E+14  0.000000E+00  6.311013E+13  3.957125E+13  3.489114E+11  0.000000E+00
4.541258E+01  2.410538E+14  9.816813E+13  0.000000E+00  6.010124E+13  3.772757E+13  3.393208E+11  0.000000E+00
4.702530E+01  2.294260E+14  9.372170E+13  0.000000E+00  5.734034E+13  3.605110E+13  3.302592E+11  0.000000E+00
4.863801E+01  2.187208E+14  8.963450E+13  0.000000E+00  5.479490E+13  3.451791E+13  3.216826E+11  0.000000E+00
5.038512E+01  2.080372E+14  8.555786E+13  0.000000E+00  5.224917E+13  3.299580E+13  3.128937E+11  0.000000E+00
5.213223E+01  1.981899E+14  8.179854E+13  0.000000E+00  4.989599E+13  3.159796E+13  3.045842E+11  0.000000E+00
5.401374E+01  1.884079E+14  7.805835E+13  0.000000E+00  4.755005E+13  3.021217E+13  2.961269E+11  0.000000E+00
5.589524E+01  1.793790E+14  7.459715E+13  0.000000E+00  4.537552E+13  2.893349E+13  2.881372E+11  0.000000E+00
5.791114E+01  1.704433E+14  7.115926E+13  0.000000E+00  4.321293E+13  2.766628E+13  2.800519E+11  0.000000E+00
5.992703E+01  1.621841E+14  6.796725E+13  0.000000E+00  4.120326E+13  2.649157E+13  2.724173E+11  0.000000E+00
6.207732E+01  1.540360E+14  6.480122E+13  0.000000E+00  3.920902E+13  2.532747E+13  2.647290E+11  0.000000E+00
6.422761E+01  1.464962E+14  6.185362E+13  0.000000E+00  3.735219E+13  2.424396E+13  2.574716E+11  0.000000E+00
6.651229E+01  1.390796E+14  5.893459E+13  0.000000E+00  3.551383E+13  2.317056E+13  2.501935E+11  0.000000E+00
6.879698E+01  1.322109E+14  5.621159E+13  0.000000E+00  3.379997E+13  2.216830E+13  2.433246E+11  0.000000E+00
7.121605E+01  1.254731E+14  5.352013E+13  0.000000E+00  3.210748E+13  2.117619E+13  2.364609E+11  0.000000E+00
7.363513E+01  1.192298E+14  5.100650E+13  0.000000E+00  3.052868E+13  2.024784E+13  2.299839E+11  0.000000E+00
7.618860E+01  1.131222E+14  4.852771E+13  0.000000E+00  2.897399E+13  1.933019E+13  2.235321E+11  0.000000E+00
7.887646E+01  1.071751E+14  4.609400E+13  0.000000E+00  2.745016E+13  1.842671E+13  2.171331E+11  0.000000E+00
8.156432E+01  1.016733E+14  4.382396E+13  0.000000E+00  2.603149E+13  1.758136E+13  2.111033E+11  0.000000E+00
8.438657E+01  9.632838E+13  4.160081E+13  0.000000E+00  2.464500E+13  1.675068E+13  2.051369E+11  0.000000E+00
8.734322E+01  9.116512E+13  3.943566E+13  0.000000E+00  2.329779E+13  1.593861E+13  1.992614E+11  0.000000E+00
9.029987E+01  8.639623E+13  3.742051E+13  0.000000E+00  2.204690E+13  1.517988E+13  1.937310E+11  0.000000E+00
9.352530E+01  8.159832E+13  3.537807E+13  0.000000E+00  2.078228E+13  1.440773E+13  1.880580E+11  0.000000E+00
9.675074E+01  7.718105E+13  3.348429E+13  0.000000E+00  1.961283E+13  1.368873E+13  1.827297E+11  0.000000E+00
1.002450E+02  7.278191E+13  3.158567E+13  0.000000E+00  1.844364E+13  1.296471E+13  1.773136E+11  0.000000E+00
1.037392E+02  6.874409E+13  2.983217E+13  0.000000E+00  1.736692E+13  1.229301E+13  1.722367E+11  0.000000E+00
1.075022E+02  6.475816E+13  2.809143E+13  0.000000E+00  1.630119E+13  1.162313E+13  1.671158E+11  0.000000E+00
1.112652E+02  6.110954E+13  2.649000E+13  0.000000E+00  1.532367E+13  1.100400E+13  1.623237E+11  0.000000E+00
1.152970E+02  5.753537E+13  2.491442E+13  0.000000E+00  1.436485E+13  1.039205E+13  1.575222E+11  0.000000E+00
1.193288E+02  5.427151E+13  2.347042E+13  0.000000E+00  1.348878E+13  9.828606E+12  1.530353E+11  0.000000E+00
1.236294E+02  5.109555E+13  2.206130E+13  0.000000E+00  1.263646E+13  9.276274E+12  1.485653E+11  0.000000E+00
1.279299E+02  4.820130E+13  2.077454E+13  0.000000E+00  1.186050E+13  8.769641E+12  1.443930E+11  0.000000E+00
1.324993E+02  4.540130E+13  1.952815E+13  0.000000E+00  1.111113E+13  8.276768E+12  1.402570E+11  0.000000E+00
1.370687E+02  4.285402E+13  1.839383E+13  0.000000E+00  1.043112E+13  7.826315E+12  1.363999E+11  0.000000E+00
1.419068E+02  4.040194E+13  1.730245E+13  0.000000E+00  9.778708E+12  7.391154E+12  1.325925E+11  0.000000E+00
1.467450E+02  3.817412E+13  1.631225E+13  0.000000E+00  9.188405E+12  6.994801E+12  1.290440E+11  0.000000E+00
1.518519E+02  3.603856E+13  1.536520E+13  0.000000E+00  8.625314E+12  6.614331E+12  1.255537E+11  0.000000E+00
1.572276E+02  3.400304E+13  1.446544E+13  0.000000E+00  8.091714E+12  6.251586E+12  1.221369E+11  0.000000E+00
1.626034E+02  3.216025E+13  1.365426E+13  0.000000E+00  7.611813E+12  5.923491E+12  1.189590E+11  0.000000E+00
1.682479E+02  3.040851E+13  1.288708E+13  0.000000E+00  7.158952E+12  5.612268E+12  1.158553E+11  0.000000E+00
1.741612E+02  2.875375E+13  1.216688E+13  0.000000E+00  6.734733E+12  5.319304E+12  1.128390E+11  0.000000E+00
1.800745E+02  2.725869E+13  1.152076E+13  0.000000E+00  6.354867E+12  5.055858E+12  1.100366E+11  0.000000E+00
1.865253E+02  2.578684E+13  1.088979E+13  0.000000E+00  5.984521E+12  4.798071E+12  1.071982E+11  0.000000E+00
1.929762E+02  2.446057E+13  1.032638E+13  0.000000E+00  5.654309E+12  4.567507E+12  1.045653E+11  0.000000E+00
1.999646E+02  2.316711E+13  9.782436E+12  0.000000E+00  5.335883E+12  4.344632E+12  1.019209E+11  0.000000E+00
2.069531E+02  2.200361E+13  9.298531E+12  0.000000E+00  5.052862E+12  4.146199E+12  9.947012E+10  0.000000E+00
2.144791E+02  2.087679E+13  8.835446E+12  0.000000E+00  4.782180E+12  3.956242E+12  9.702427E+10  0.000000E+00
2.220051E+02  1.986352E+13  8.424304E+12  0.000000E+00  4.541927E+12  3.787619E+12  9.475739E+10  0.000000E+00
2.295311E+02  1.894878E+13  8.057912E+12  0.000000E+00  4.327815E+12  3.637446E+12  9.265014E+10  0.000000E+00
2.375947E+02  1.806358E+13  7.708080E+12  0.000000E+00  4.123308E+12  3.494222E+12  9.055033E+10  0.000000E+00
2.456583E+02  1.726358E+13  7.396246E+12  0.000000E+00  3.940894E+12  3.366756E+12  8.859621E+10  0.000000E+00
2.542594E+02  1.649158E+13  7.099472E+12  0.000000E+00  3.767125E+12  3.245692E+12  8.665460E+10  0.000000E+00
2.633982E+02  1.575081E+13  6.818732E+12  0.000000E+00  3.602540E+12  3.131457E+12  8.473495E+10  0.000000E+00
2.725369E+02  1.508072E+13  6.568279E+12  0.000000E+00  3.455495E+12  3.029838E+12  8.294604E+10  0.000000E+00
2.822132E+02  1.443762E+13  6.331078E+12  0.000000E+00  3.316001E+12  2.933899E+12  8.117787E+10  0.000000E+00
2.918895E+02  1.385353E+13  6.118302E+12  0.000000E+00  3.190654E+12  2.848124E+12  7.952437E+10  0.000000E+00
3.021034E+02  1.329232E+13  5.916157E+12  0.000000E+00  3.071358E+12  2.766910E+12  7.788895E+10  0.000000E+00
3.128548E+02  1.275465E+13  5.724459E+12  0.000000E+00  2.958029E+12  2.690154E+12  7.627521E+10  0.000000E+00
3.236063E+02  1.226409E+13  5.551064E+12  0.000000E+00  2.855355E+12  2.620950E+12  7.475904E+10  0.000000E+00
3.348953E+02  1.179294E+13  5.385679E+12  0.000000E+00  2.757289E+12  2.555130E+12  7.325977E+10  0.000000E+00
3.472595E+02  1.132231E+13  5.221344E+12  0.000000E+00  2.659735E+12  2.489895E+12  7.171507E+10  0.000000E+00
3.590860E+02  1.091025E+13  5.077919E+12  0.000000E+00  2.574533E+12  2.433066E+12  7.032060E+10  0.000000E+00
3.719878E+02  1.049742E+13  4.934383E+12  0.000000E+00  2.489243E+12  2.376259E+12  6.888044E+10  0.000000E+00
3.848895E+02  1.011806E+13  4.802367E+12  0.000000E+00  2.410820E+12  2.324032E+12  6.751516E+10  0.000000E+00
3.988664E+02  9.740097E+12  4.670454E+12  0.000000E+00  2.332520E+12  2.271823E+12  6.611076E+10  0.000000E+00
4.128433E+02  9.392229E+12  4.548452E+12  0.000000E+00  2.260203E+12  2.223473E+12  6.477515E+10  0.000000E+00
4.268202E+02  9.070828E+12  4.435001E+12  0.000000E+00  2.193084E+12  2.178417E+12  6.350063E+10  0.000000E+00
4.418722E+02  8.750819E+12  4.321122E+12  0.000000E+00  2.125876E+12  2.133056E+12  6.218897E+10  0.000000E+00
4.569242E+02  8.454778E+12  4.214752E+12  0.000000E+00  2.063291E+12  2.090527E+12  6.093376E+10  0.000000E+00
4.730514E+02  8.161129E+12  4.108073E+12  0.000000E+00  2.000747E+12  2.047682E+12  5.964498E+10  0.000000E+00
4.891786E+02  7.889092E+12  4.008031E+12  0.000000E+00  1.942332E+12  2.007291E+12  5.840837E+10  0.000000E+00
5.063809E+02  7.620063E+12  3.907774E+12  0.000000E+00  1.884056E+12  1.966576E+12  5.714112E+10  0.000000E+00
5.235832E+02  7.370455E+12  3.813429E+12  0.000000E+00  1.829490E+12  1.928017E+12  5.592229E+10  0.000000E+00
5.418606E+02  7.124187E+12  3.718951E+12  0.000000E+00  1.775139E+12  1.889137E+12  5.467546E+10  0.000000E+00
5.612132E+02  6.882365E+12  3.624694E+12  0.000000E+00  1.721233E+12  1.850056E+12  5.340461E+10  0.000000E+00
5.805659E+02  6.657879E+12  3.535753E+12  0.000000E+00  1.670683E+12  1.812890E+12  5.218017E+10  0.000000E+00
6.009936E+02  6.437667E+12  3.447047E+12  0.000000E+00  1.620590E+12  1.775523E+12  5.093394E+10  0.000000E+00
6.214214E+02  6.232806E+12  3.363132E+12  0.000000E+00  1.573519E+12  1.739881E+12  4.973157E+10  0.000000E+00
6.429242E+02  6.031967E+12  3.279473E+12  0.000000E+00  1.526913E+12  1.704050E+12  4.850985E+10  0.000000E+00
6.655023E+02  5.835682E+12  3.196301E+12  0.000000E+00  1.480909E+12  1.668119E+12  4.727218E+10  0.000000E+00
6.880803E+02  5.652891E+12  3.117512E+12  0.000000E+00  1.437650E+12  1.633784E+12  4.607814E+10  0.000000E+00
7.117335E+02  5.474314E+12  3.039240E+12  0.000000E+00  1.394991E+12  1.599378E+12  4.487110E+10  0.000000E+00
7.375370E+02  5.292799E+12  2.958323E+12  0.000000E+00  1.351227E+12  1.563494E+12  4.360179E+10  0.000000E+00
7.633405E+02  5.123672E+12  2.881654E+12  0.000000E+00  1.310084E+12  1.529191E+12  4.237912E+10  0.000000E+00
7.912942E+02  4.952915E+12  2.802958E+12  0.000000E+00  1.268185E+12  1.493670E+12  4.110415E+10  0.000000E+00
8.192480E+02  4.793730E+12  2.728400E+12  0.000000E+00  1.228802E+12  1.459720E+12  3.987791E+10  0.000000E+00
8.472017E+02  4.644891E+12  2.657623E+12  0.000000E+00  1.191701E+12  1.427224E+12  3.869779E+10  0.000000E+00
8.773058E+02  4.494968E+12  2.585274E+12  0.000000E+00  1.154063E+12  1.393735E+12  3.747577E+10  0.000000E+00
9.074098E+02  4.354692E+12  2.516612E+12  0.000000E+00  1.118612E+12  1.361698E+12  3.630187E+10  0.000000E+00
9.396642E+02  4.213996E+12  2.446799E+12  0.000000E+00  1.082832E+12  1.328872E+12  3.509479E+10  0.000000E+00
9.719185E+02  4.082227E+12  2.380558E+12  0.000000E+00  1.049129E+12  1.297492E+12  3.393746E+10  0.000000E+00
1.006323E+03  3.950518E+12  2.313523E+12  0.000000E+00  1.015261E+12  1.265507E+12  3.275503E+10  0.000000E+00
1.040728E+03  3.827038E+12  2.249933E+12  0.000000E+00  9.833526E+11  1.234957E+12  3.162359E+10  0.000000E+00
1.077283E+03  3.703966E+12  2.185852E+12  0.000000E+00  9.514082E+11  1.203970E+12  3.047441E+10  0.000000E+00
1.113838E+03  3.588465E+12  2.125086E+12  0.000000E+00  9.213061E+11  1.174403E+12  2.937700E+10  0.000000E+00
1.152543E+03  3.473633E+12  2.064087E+12  0.000000E+00  8.912679E+11  1.144550E+12  2.826848E+10  0.000000E+00
1.193398E+03  3.359966E+12  2.003145E+12  0.000000E+00  8.614318E+11  1.114559E+12  2.715480E+10  0.000000E+00
1.234254E+03  3.253323E+12  1.945481E+12  0.000000E+00  8.333526E+11  1.086032E+12  2.609587E+10  0.000000E+00
1.277260E+03  3.147957E+12  1.888058E+12  0.000000E+00  8.055318E+11  1.057489E+12  2.503702E+10  0.000000E+00
1.322416E+03  3.044237E+12  1.831113E+12  0.000000E+00  7.780747E+11  1.029055E+12  2.398329E+10  0.000000E+00
1.367572E+03  2.947004E+12  1.777368E+12  0.000000E+00  7.522744E+11  1.002108E+12  2.298591E+10  0.000000E+00
1.414878E+03  2.851533E+12  1.724269E+12  0.000000E+00  7.268877E+11  9.753827E+11  2.199829E+10  0.000000E+00
1.466485E+03  2.754064E+12  1.669746E+12  0.000000E+00  7.009186E+11  9.478446E+11  2.098248E+10  0.000000E+00
1.518092E+03  2.662954E+12  1.618508E+12  0.000000E+00  6.765993E+11  9.218819E+11  2.002680E+10  0.000000E+00
1.569699E+03  2.577648E+12  1.570309E+12  0.000000E+00  6.537927E+11  8.973893E+11  1.912731E+10  0.000000E+00
1.625607E+03  2.491220E+12  1.521266E+12  0.000000E+00  6.306518E+11  8.724019E+11  1.821201E+10  0.000000E+00
1.681514E+03  2.410487E+12  1.475272E+12  0.000000E+00  6.090064E+11  8.489114E+11  1.735405E+10  0.000000E+00
1.741722E+03  2.329360E+12  1.428886E+12  0.000000E+00  5.872289E+11  8.251672E+11  1.648965E+10  0.000000E+00
1.801930E+03  2.253745E+12  1.385506E+12  0.000000E+00  5.669090E+11  8.029147E+11  1.568255E+10  0.000000E+00
1.866439E+03  2.178309E+12  1.342096E+12  0.000000E+00  5.466181E+11  7.806010E+11  1.487659E+10  0.000000E+00
1.930948E+03  2.108139E+12  1.301600E+12  0.000000E+00  5.277293E+11  7.597438E+11  1.412680E+10  0.000000E+00
1.999757E+03  2.038577E+12  1.261348E+12  0.000000E+00  5.089936E+11  7.389701E+11  1.338403E+10  0.000000E+00
2.068566E+03  1.973984E+12  1.223876E+12  0.000000E+00  4.915900E+11  7.195908E+11  1.269536E+10  0.000000E+00
2.141676E+03  1.910303E+12  1.186843E+12  0.000000E+00  4.744299E+11  7.003955E+11  1.201800E+10  0.000000E+00
2.214786E+03  1.851253E+12  1.152423E+12  0.000000E+00  4.585205E+11  6.825104E+11  1.139192E+10  0.000000E+00
2.292196E+03  1.793305E+12  1.118567E+12  0.000000E+00  4.429158E+11  6.648707E+11  1.078003E+10  0.000000E+00
2.373907E+03  1.736758E+12  1.085449E+12  0.000000E+00  4.277012E+11  6.475617E+11  1.018597E+10  0.000000E+00
2.455618E+03  1.684493E+12  1.054764E+12  0.000000E+00  4.136566E+11  6.314674E+11  9.640223E+09  0.000000E+00
2.541630E+03  1.633643E+12  1.024836E+12  0.000000E+00  4.000160E+11  6.157067E+11  9.113005E+09  0.000000E+00
2.627641E+03  1.586642E+12  9.970994E+11  0.000000E+00  3.874353E+11  6.010344E+11  8.629608E+09  0.000000E+00
2.717954E+03  1.541019E+12  9.701026E+11  0.000000E+00  3.752572E+11  5.866808E+11  8.164665E+09  0.000000E+00
2.812566E+03  1.496960E+12  9.439514E+11  0.000000E+00  3.635364E+11  5.726946E+11  7.720396E+09  0.000000E+00
2.915780E+03  1.452698E+12  9.175935E+11  0.000000E+00  3.518105E+11  5.585036E+11  7.279424E+09  0.000000E+00
3.018994E+03  1.411968E+12  8.932526E+11  0.000000E+00  3.410732E+11  5.453003E+11  6.879076E+09  0.000000E+00
3.122208E+03  1.374379E+12  8.707055E+11  0.000000E+00  3.312178E+11  5.329728E+11  6.514852E+09  0.000000E+00
3.234023E+03  1.336806E+12  8.480781E+11  0.000000E+00  3.214278E+11  5.204938E+11  6.156456E+09  0.000000E+00
3.345838E+03  1.302138E+12  8.271120E+11  0.000000E+00  3.124583E+11  5.088223E+11  5.831394E+09  0.000000E+00
3.466254E+03  1.267678E+12  8.061778E+11  0.000000E+00  3.036122E+11  4.970514E+11  5.514195E+09  0.000000E+00
3.586670E+03  1.235855E+12  7.867535E+11  0.000000E+00  2.955129E+11  4.860136E+11  5.227004E+09  0.000000E+00
3.715688E+03  1.204340E+12  7.674219E+11  0.000000E+00  2.875665E+11  4.749069E+11  4.948496E+09  0.000000E+00
3.844705E+03  1.175183E+12  7.494440E+11  0.000000E+00  2.802876E+11  4.644599E+11  4.696446E+09  0.000000E+00
3.982324E+03  1.146369E+12  7.315851E+11  0.000000E+00  2.731706E+11  4.539614E+11  4.453050E+09  0.000000E+00
4.119942E+03  1.119640E+12  7.149290E+11  0.000000E+00  2.666412E+11  4.440552E+11  4.232591E+09  0.000000E+00
4.266162E+03  1.093251E+12  6.983971E+11  0.000000E+00  2.602688E+11  4.341080E+11  4.020228E+09  0.000000E+00
4.412382E+03  1.068692E+12  6.829287E+11  0.000000E+00  2.544076E+11  4.246936E+11  3.827497E+09  0.000000E+00
4.567202E+03  1.044447E+12  6.675777E+11  0.000000E+00  2.486900E+11  4.152457E+11  3.642033E+09  0.000000E+00
4.722023E+03  1.021802E+12  6.531657E+11  0.000000E+00  2.434131E+11  4.062794E+11  3.473228E+09  0.000000E+00
4.885445E+03  9.994338E+11  6.388588E+11  0.000000E+00  2.382618E+11  3.972862E+11  3.310770E+09  0.000000E+00
5.057468E+03  9.773942E+11  6.246931E+11  0.000000E+00  2.332460E+11  3.882922E+11  3.154938E+09  0.000000E+00
5.229492E+03  9.567217E+11  6.113447E+11  0.000000E+00  2.285949E+11  3.797371E+11  3.012649E+09  0.000000E+00
5.410116E+03  9.363187E+11  5.981132E+11  0.000000E+00  2.240541E+11  3.711832E+11  2.875939E+09  0.000000E+00
5.607942E+03  9.153538E+11  5.844594E+11  0.000000E+00  2.194386E+11  3.622814E+11  2.739439E+09  0.000000E+00
5.814370E+03  8.948058E+11  5.710245E+11  0.000000E+00  2.149607E+11  3.534543E+11  2.609519E+09  0.000000E+00
6.020798E+03  8.754545E+11  5.583277E+11  0.000000E+00  2.107818E+11  3.450552E+11  2.490706E+09  0.000000E+00
6.227226E+03  8.571632E+11  5.462902E+11  0.000000E+00  2.068626E+11  3.370461E+11  2.381600E+09  0.000000E+00
6.450856E+03  8.384089E+11  5.339154E+11  0.000000E+00  2.028713E+11  3.287711E+11  2.273008E+09  0.000000E+00
6.674486E+03  8.206354E+11  5.221612E+11  0.000000E+00  1.991103E+11  3.208777E+11  2.173205E+09  0.000000E+00
6.915318E+03  8.024681E+11  5.101241E+11  0.000000E+00  1.952829E+11  3.127668E+11  2.074372E+09  0.000000E+00
7.156151E+03  7.851982E+11  4.986649E+11  0.000000E+00  1.916562E+11  3.050252E+11  1.983456E+09  0.000000E+00
7.414186E+03  7.675793E+11  4.869617E+11  0.000000E+00  1.879631E+11  2.971048E+11  1.893803E+09  0.000000E+00
7.672220E+03  7.507752E+11  4.757922E+11  0.000000E+00  1.844426E+11  2.895383E+11  1.811260E+09  0.000000E+00
7.947457E+03  7.336501E+11  4.644063E+11  0.000000E+00  1.808522E+11  2.818239E+11  1.730160E+09  0.000000E+00
8.222694E+03  7.172615E+11  4.535110E+11  0.000000E+00  1.774092E+11  2.744465E+11  1.655434E+09  0.000000E+00
8.515134E+03  7.005695E+11  4.424189E+11  0.000000E+00  1.738911E+11  2.669456E+11  1.582245E+09  0.000000E+00
8.807573E+03  6.845430E+11  4.317772E+11  0.000000E+00  1.704986E+11  2.597639E+11  1.514757E+09  0.000000E+00
9.117215E+03  6.682250E+11  4.209534E+11  0.000000E+00  1.670259E+11  2.524786E+11  1.448837E+09  0.000000E+00
9.426856E+03  6.525108E+11  4.105438E+11  0.000000E+00  1.636609E+11  2.454949E+11  1.388002E+09  0.000000E+00
9.753700E+03  6.365155E+11  3.999646E+11  0.000000E+00  1.602117E+11  2.384241E+11  1.328715E+09  0.000000E+00
1.009775E+04  6.202738E+11  3.892418E+11  0.000000E+00  1.566819E+11  2.312887E+11  1.271187E+09  0.000000E+00
1.044179E+04  6.045880E+11  3.789064E+11  0.000000E+00  1.532443E+11  2.244440E+11  1.218127E+09  0.000000E+00
1.080304E+04  5.886647E+11  3.684369E+11  0.000000E+00  1.497239E+11  2.175463E+11  1.166706E+09  0.000000E+00
1.118149E+04  5.725458E+11  3.578635E+11  0.000000E+00  1.461266E+11  2.106198E+11  1.117124E+09  0.000000E+00
1.155994E+04  5.569475E+11  3.476558E+11  0.000000E+00  1.426125E+11  2.039720E+11  1.071378E+09  0.000000E+00
1.197280E+04  5.404810E+11  3.369065E+11  0.000000E+00  1.388669E+11  1.970143E+11  1.025366E+09  0.000000E+00
1.238565E+04  5.245495E+11  3.265330E+11  0.000000E+00  1.352072E+11  1.903428E+11  9.829785E+08  0.000000E+00
1.283291E+04  5.078556E+11  3.156912E+11  0.000000E+00  1.313345E+11  1.834160E+11  9.406983E+08  0.000000E+00
1.328018E+04  4.917152E+11  3.052362E+11  0.000000E+00  1.275531E+11  1.767813E+11  9.017898E+08  0.000000E+00
1.376184E+04  4.749183E+11  2.943844E+11  0.000000E+00  1.235796E+11  1.699416E+11  8.632397E+08  0.000000E+00
1.424350E+04  4.586976E+11  2.839321E+11  0.000000E+00  1.197057E+11  1.633986E+11  8.277821E+08  0.000000E+00
1.475957E+04  4.419276E+11  2.731533E+11  0.000000E+00  1.156634E+11  1.566971E+11  7.928404E+08  0.000000E+00
1.527564E+04  4.257607E+11  2.627880E+11  0.000000E+00  1.117313E+11  1.502960E+11  7.607039E+08  0.000000E+00
1.582612E+04  4.091532E+11  2.521661E+11  0.000000E+00  1.076571E+11  1.437799E+11  7.291716E+08  0.000000E+00
1.637659E+04  3.931783E+11  2.419727E+11  0.000000E+00  1.037055E+11  1.375670E+11  7.001612E+08  0.000000E+00
1.696147E+04  3.768719E+11  2.315912E+11  0.000000E+00  9.964005E+10  1.312794E+11  6.717929E+08  0.000000E+00
1.754635E+04  3.612278E+11  2.216530E+11  0.000000E+00  9.571038E+10  1.252969E+11  6.456751E+08  0.000000E+00
1.816563E+04  3.453595E+11  2.115931E+11  0.000000E+00  9.169603E+10  1.192768E+11  6.202011E+08  0.000000E+00
1.878492E+04  3.301813E+11  2.019897E+11  0.000000E+00  8.783049E+10  1.135624E+11  5.967225E+08  0.000000E+00
1.943860E+04  3.148813E+11  1.923273E+11  0.000000E+00  8.390934E+10  1.078441E+11  5.738641E+08  0.000000E+00
2.012670E+04  2.995462E+11  1.826606E+11  0.000000E+00  7.995536E+10  1.021535E+11  5.516993E+08  0.000000E+00
2.081479E+04  2.849702E+11  1.734882E+11  0.000000E+00  7.617580E+10  9.678119E+10  5.312611E+08  0.000000E+00
2.153729E+04  2.704489E+11  1.643653E+11  0.000000E+00  7.239055E+10  9.146325E+10  5.114492E+08  0.000000E+00
2.229419E+04  2.560749E+11  1.553494E+11  0.000000E+00  6.862463E+10  8.623239E+10  4.923260E+08  0.000000E+00
2.305109E+04  2.425075E+11  1.468522E+11  0.000000E+00  6.505362E+10  8.132391E+10  4.746574E+08  0.000000E+00
2.387680E+04  2.285785E+11  1.381411E+11  0.000000E+00  6.137153E+10  7.631275E+10  4.568438E+08  0.000000E+00
2.470251E+04  2.155129E+11  1.299815E+11  0.000000E+00  5.790364E+10  7.163744E+10  4.403793E+08  0.000000E+00
2.559703E+04  2.022792E+11  1.217280E+11  0.000000E+00  5.437781E+10  6.692626E+10  4.238854E+08  0.000000E+00
2.649155E+04  1.899474E+11  1.140472E+11  0.000000E+00  5.108076E+10  6.255778E+10  4.086241E+08  0.000000E+00
2.745488E+04  1.776130E+11  1.063745E+11  0.000000E+00  4.777232E+10  5.820881E+10  3.934029E+08  0.000000E+00
2.841821E+04  1.661952E+11  9.928110E+10  0.000000E+00  4.470067E+10  5.420113E+10  3.792920E+08  0.000000E+00
2.938154E+04  1.556315E+11  9.272611E+10  0.000000E+00  4.185134E+10  5.050860E+10  3.661619E+08  0.000000E+00
3.041368E+04  1.451931E+11  8.625666E+10  0.000000E+00  3.902914E+10  4.687446E+10  3.530575E+08  0.000000E+00
3.144582E+04  1.355971E+11  8.031649E+10  0.000000E+00  3.642914E+10  4.354651E+10  3.408373E+08  0.000000E+00
3.254677E+04  1.262165E+11  7.451667E+10  0.000000E+00  3.388260E+10  4.030540E+10  3.286671E+08  0.000000E+00
3.371653E+04  1.171356E+11  6.890935E+10  0.000000E+00  3.141310E+10  3.717964E+10  3.166044E+08  0.000000E+00
3.488628E+04  1.088867E+11  6.382249E+10  0.000000E+00  2.916643E+10  3.435072E+10  3.053364E+08  0.000000E+00
3.612485E+04  1.009747E+11  5.895012E+10  0.000000E+00  2.700872E+10  3.164722E+10  2.941763E+08  0.000000E+00
3.736342E+04  9.382694E+10  5.455477E+10  0.000000E+00  2.505731E+10  2.921374E+10  2.837242E+08  0.000000E+00
3.867079E+04  8.702764E+10  5.038006E+10  0.000000E+00  2.319936E+10  2.690732E+10  2.733789E+08  0.000000E+00
4.004698E+04  8.061051E+10  4.644658E+10  0.000000E+00  2.144460E+10  2.473880E+10  2.631732E+08  0.000000E+00
4.142316E+04  7.486902E+10  4.293354E+10  0.000000E+00  1.987379E+10  2.280615E+10  2.535982E+08  0.000000E+00
4.286816E+04  6.948459E+10  3.964532E+10  0.000000E+00  1.840021E+10  2.100096E+10  2.441559E+08  0.000000E+00
4.445077E+04  6.426272E+10  3.646342E+10  0.000000E+00  1.697094E+10  1.925801E+10  2.344715E+08  0.000000E+00
4.596457E+04  5.983981E+10  3.377475E+10  0.000000E+00  1.576046E+10  1.778851E+10  2.257828E+08  0.000000E+00
4.761600E+04  5.556577E+10  3.118317E+10  0.000000E+00  1.459106E+10  1.637524E+10  2.168797E+08  0.000000E+00
4.926742E+04  5.179119E+10  2.890086E+10  0.000000E+00  1.355883E+10  1.513351E+10  2.085217E+08  0.000000E+00
5.105646E+04  4.818787E+10  2.672881E+10  0.000000E+00  1.257415E+10  1.395463E+10  2.000254E+08  0.000000E+00
5.284550E+04  4.501848E+10  2.482477E+10  0.000000E+00  1.170889E+10  1.292382E+10  1.920564E+08  0.000000E+00
5.463454E+04  4.222056E+10  2.314982E+10  0.000000E+00  1.094595E+10  1.201931E+10  1.845674E+08  0.000000E+00
5.656120E+04  3.956212E+10  2.156442E+10  0.000000E+00  1.022207E+10  1.116535E+10  1.769915E+08  0.000000E+00
5.848786E+04  3.721702E+10  2.017158E+10  0.000000E+00  9.584618E+09  1.041708E+10  1.698785E+08  0.000000E+00
6.055214E+04  3.499898E+10  1.885988E+10  0.000000E+00  8.982906E+09  9.714247E+09  1.627256E+08  0.000000E+00
6.261642E+04  3.303877E+10  1.770591E+10  0.000000E+00  8.452375E+09  9.097520E+09  1.560145E+08  0.000000E+00
6.481831E+04  3.118736E+10  1.662110E+10  0.000000E+00  7.952615E+09  8.519188E+09  1.493000E+08  0.000000E+00
6.702021E+04  2.954431E+10  1.566303E+10  0.000000E+00  7.510424E+09  8.009597E+09  1.430036E+08  0.000000E+00
6.935972E+04  2.799054E+10  1.476143E+10  0.000000E+00  7.093654E+09  7.531041E+09  1.367312E+08  0.000000E+00
7.183686E+04  2.652641E+10  1.391611E+10  0.000000E+00  6.702416E+09  7.083181E+09  1.305168E+08  0.000000E+00
7.431399E+04  2.521858E+10  1.316479E+10  0.000000E+00  6.354391E+09  6.685697E+09  1.247020E+08  0.000000E+00
7.692874E+04  2.398051E+10  1.245699E+10  0.000000E+00  6.026403E+09  6.311628E+09  1.189587E+08  0.000000E+00
7.954349E+04  2.286586E+10  1.182275E+10  0.000000E+00  5.732529E+09  5.976636E+09  1.135840E+08  0.000000E+00
8.229586E+04  2.180534E+10  1.122203E+10  0.000000E+00  5.454344E+09  5.659398E+09  1.082891E+08  0.000000E+00
8.518585E+04  2.079747E+10  1.065366E+10  0.000000E+00  5.191412E+09  5.359158E+09  1.030936E+08  0.000000E+00
8.807584E+04  1.988270E+10  1.014000E+10  0.000000E+00  4.954135E+09  5.087624E+09  9.824089E+07  0.000000E+00
9.110345E+04  1.900964E+10  9.651740E+09  0.000000E+00  4.729005E+09  4.829244E+09  9.349106E+07  0.000000E+00
9.440629E+04  1.814148E+10  9.168162E+09  0.000000E+00  4.506516E+09  4.572988E+09  8.865893E+07  0.000000E+00
9.770914E+04  1.734903E+10  8.728508E+09  0.000000E+00  4.304722E+09  4.339628E+09  8.415778E+07  0.000000E+00
1.012872E+05  1.656425E+10  8.294803E+09  0.000000E+00  4.106165E+09  4.109018E+09  7.961974E+07  0.000000E+00
1.048653E+05  1.584590E+10  7.899379E+09  0.000000E+00  3.925598E+09  3.898380E+09  7.540040E+07  0.000000E+00
1.084434E+05  1.518546E+10  7.537221E+09  0.000000E+00  3.760616E+09  3.705134E+09  7.147002E+07  0.000000E+00
1.122967E+05  1.453089E+10  7.179704E+09  0.000000E+00  3.598106E+09  3.514068E+09  6.753056E+07  0.000000E+00
1.161500E+05  1.392802E+10  6.851772E+09  0.000000E+00  3.449326E+09  3.338579E+09  6.386730E+07  0.000000E+00
1.202786E+05  1.333258E+10  6.529270E+09  0.000000E+00  3.303230E+09  3.165819E+09  6.022037E+07  0.000000E+00
1.244071E+05  1.278331E+10  6.233110E+09  0.000000E+00  3.169205E+09  3.007070E+09  5.683455E+07  0.000000E+00
1.288109E+05  1.224244E+10  5.942857E+09  0.000000E+00  3.037916E+09  2.851457E+09  5.348407E+07  0.000000E+00
1.332147E+05  1.174283E+10  5.676082E+09  0.000000E+00  2.917230E+09  2.708474E+09  5.037829E+07  0.000000E+00
1.378937E+05  1.125214E+10  5.415460E+09  0.000000E+00  2.799233E+09  2.568905E+09  4.732171E+07  0.000000E+00
1.425728E+05  1.079834E+10  5.175768E+09  0.000000E+00  2.690552E+09  2.440723E+09  4.449287E+07  0.000000E+00
1.475270E+05  1.035371E+10  4.942294E+09  0.000000E+00  2.584458E+09  2.316112E+09  4.172300E+07  0.000000E+00
1.527565E+05  9.920111E+09  4.716051E+09  0.000000E+00  2.481344E+09  2.195679E+09  3.902744E+07  0.000000E+00
1.579861E+05  9.519313E+09  4.508303E+09  0.000000E+00  2.386308E+09  2.085450E+09  3.654440E+07  0.000000E+00
1.634908E+05  9.129115E+09  4.307441E+09  0.000000E+00  2.294016E+09  1.979286E+09  3.413875E+07  0.000000E+00
1.692708E+05  8.750727E+09  4.114086E+09  0.000000E+00  2.204707E+09  1.877557E+09  3.182087E+07  0.000000E+00
1.750507E+05  8.401255E+09  3.936869E+09  0.000000E+00  2.122366E+09  1.784806E+09  2.969707E+07  0.000000E+00
1.811060E+05  8.063149E+09  3.766773E+09  0.000000E+00  2.042807E+09  1.696304E+09  2.766185E+07  0.000000E+00
1.877117E+05  7.723060E+09  3.597108E+09  0.000000E+00  1.962859E+09  1.608611E+09  2.563787E+07  0.000000E+00
1.943173E+05  7.409821E+09  3.442198E+09  0.000000E+00  1.889266E+09  1.529134E+09  2.379832E+07  0.000000E+00
2.009230E+05  7.120618E+09  3.300415E+09  0.000000E+00  1.821334E+09  1.456956E+09  2.212469E+07  0.000000E+00
2.080792E+05  6.831602E+09  3.159989E+09  0.000000E+00  1.753435E+09  1.386074E+09  2.047985E+07  0.000000E+00
2.152354E+05  6.565207E+09  3.031742E+09  0.000000E+00  1.690819E+09  1.321931E+09  1.899208E+07  0.000000E+00
2.229420E+05  6.300910E+09  2.905694E+09  0.000000E+00  1.628642E+09  1.259505E+09  1.754687E+07  0.000000E+00
2.306486E+05  6.057535E+09  2.790720E+09  0.000000E+00  1.571316E+09  1.203157E+09  1.624699E+07  0.000000E+00
2.389057E+05  5.817451E+09  2.678373E+09  0.000000E+00  1.514673E+09  1.148703E+09  1.499760E+07  0.000000E+00
2.471629E+05  5.596417E+09  2.575914E+09  0.000000E+00  1.462420E+09  1.099614E+09  1.387978E+07  0.000000E+00
2.559704E+05  5.379299E+09  2.476198E+09  0.000000E+00  1.410971E+09  1.052412E+09  1.281558E+07  0.000000E+00
2.647780E+05  5.179285E+09  2.385163E+09  0.000000E+00  1.363444E+09  1.009852E+09  1.186804E+07  0.000000E+00
2.741361E+05  4.983385E+09  2.296766E+09  0.000000E+00  1.316748E+09  9.690447E+08  1.097353E+07  0.000000E+00
2.834941E+05  4.802663E+09  2.215880E+09  0.000000E+00  1.273519E+09  9.321804E+08  1.018039E+07  0.000000E+00
2.934027E+05  4.625953E+09  2.137384E+09  0.000000E+00  1.231088E+09  8.968595E+08  9.437032E+06  0.000000E+00
3.038617E+05  4.453867E+09  2.061477E+09  0.000000E+00  1.189589E+09  8.631422E+08  8.745882E+06  0.000000E+00
3.143207E+05  4.294873E+09  1.991777E+09  0.000000E+00  1.151072E+09  8.325679E+08  8.137821E+06  0.000000E+00
3.253302E+05  4.139985E+09  1.924232E+09  0.000000E+00  1.113366E+09  8.032908E+08  7.575092E+06  0.000000E+00
3.363397E+05  3.996398E+09  1.861881E+09  0.000000E+00  1.078235E+09  7.765663E+08  7.080592E+06  0.000000E+00
3.478996E+05  3.856398E+09  1.801283E+09  0.000000E+00  1.043800E+09  7.508591E+08  6.624404E+06  0.000000E+00
3.600100E+05  3.720348E+09  1.742525E+09  0.000000E+00  1.010149E+09  7.261698E+08  6.206501E+06  0.000000E+00
3.732214E+05  3.582599E+09  1.683096E+09  0.000000E+00  9.758795E+08  7.014085E+08  5.808494E+06  0.000000E+00
3.864328E+05  3.454656E+09  1.627895E+09  0.000000E+00  9.438614E+08  6.785726E+08  5.461347E+06  0.000000E+00
3.996442E+05  3.335370E+09  1.576370E+09  0.000000E+00  9.138377E+08  6.573751E+08  5.156893E+06  0.000000E+00
4.139565E+05  3.214783E+09  1.524169E+09  0.000000E+00  8.833124E+08  6.359893E+08  4.867412E+06  0.000000E+00
4.282688E+05  3.102165E+09  1.475265E+09  0.000000E+00  8.546422E+08  6.160099E+08  4.612996E+06  0.000000E+00
4.436821E+05  2.988787E+09  1.425833E+09  0.000000E+00  8.256177E+08  5.958432E+08  4.371578E+06  0.000000E+00
4.590954E+05  2.882699E+09  1.379356E+09  0.000000E+00  7.983131E+08  5.768851E+08  4.158189E+06  0.000000E+00
4.756096E+05  2.776237E+09  1.332461E+09  0.000000E+00  7.707702E+08  5.577357E+08  3.955252E+06  0.000000E+00
4.921238E+05  2.676432E+09  1.288235E+09  0.000000E+00  7.448227E+08  5.396379E+08  3.774297E+06  0.000000E+00
5.097390E+05  2.576541E+09  1.243687E+09  0.000000E+00  7.187324E+08  5.213531E+08  3.601270E+06  0.000000E+00
5.273542E+05  2.482739E+09  1.201574E+09  0.000000E+00  6.941262E+08  5.040028E+08  3.445326E+06  0.000000E+00
5.460703E+05  2.389078E+09  1.159237E+09  0.000000E+00  6.694582E+08  4.864834E+08  3.295138E+06  0.000000E+00
5.647864E+05  2.301001E+09  1.119148E+09  0.000000E+00  6.461752E+08  4.698149E+08  3.158257E+06  0.000000E+00
5.846035E+05  2.213251E+09  1.078933E+09  0.000000E+00  6.228997E+08  4.530082E+08  3.025454E+06  0.000000E+00
6.044205E+05  2.130641E+09  1.040817E+09  0.000000E+00  6.009197E+08  4.369945E+08  2.903170E+06  0.000000E+00
6.253386E+05  2.048512E+09  1.002672E+09  0.000000E+00  5.790057E+08  4.208830E+08  2.783778E+06  0.000000E+00
6.473575E+05  1.967179E+09  9.646503E+08  0.000000E+00  5.572472E+08  4.047358E+08  2.667294E+06  0.000000E+00
6.693765E+05  1.890631E+09  9.286410E+08  0.000000E+00  5.367198E+08  3.893623E+08  2.558941E+06  0.000000E+00
6.924964E+05  1.814955E+09  8.928303E+08  0.000000E+00  5.163820E+08  3.739955E+08  2.452788E+06  0.000000E+00
7.178182E+05  1.737210E+09  8.558210E+08  0.000000E+00  4.954437E+08  3.580328E+08  2.344530E+06  0.000000E+00
7.442410E+05  1.661186E+09  8.194259E+08  0.000000E+00  4.749279E+08  3.422588E+08  2.239259E+06  0.000000E+00
7.706637E+05  1.589903E+09  7.851222E+08  0.000000E+00  4.556556E+08  3.273257E+08  2.140974E+06  0.000000E+00
7.970865E+05  1.522950E+09  7.527506E+08  0.000000E+00  4.375223E+08  3.131794E+08  2.048965E+06  0.000000E+00
8.257111E+05  1.454883E+09  7.196967E+08  0.000000E+00  4.190556E+08  2.986855E+08  1.955694E+06  0.000000E+00
8.543358E+05  1.391067E+09  6.885808E+08  0.000000E+00  4.017115E+08  2.850008E+08  1.868484E+06  0.000000E+00
8.851623E+05  1.326682E+09  6.570718E+08  0.000000E+00  3.841816E+08  2.711094E+08  1.780746E+06  0.000000E+00
9.159889E+05  1.266414E+09  6.274781E+08  0.000000E+00  3.677417E+08  2.580375E+08  1.698871E+06  0.000000E+00
9.490173E+05  1.206013E+09  5.977294E+08  0.000000E+00  3.512325E+08  2.448799E+08  1.617106E+06  0.000000E+00
9.820458E+05  1.149555E+09  5.698485E+08  0.000000E+00  3.357681E+08  2.325395E+08  1.540995E+06  0.000000E+00
1.017276E+06  1.093300E+09  5.420033E+08  0.000000E+00  3.203240E+08  2.202138E+08  1.465525E+06  0.000000E+00
1.052506E+06  1.040786E+09  5.159577E+08  0.000000E+00  3.058712E+08  2.086910E+08  1.395467E+06  0.000000E+00
1.089939E+06  9.887296E+08  4.900960E+08  0.000000E+00  2.915060E+08  1.972634E+08  1.326465E+06  0.000000E+00
1.127371E+06  9.401928E+08  4.659495E+08  0.000000E+00  2.780733E+08  1.866136E+08  1.262596E+06  0.000000E+00
1.167005E+06  8.923002E+08  4.420979E+08  0.000000E+00  2.647775E+08  1.761203E+08  1.200086E+06  0.000000E+00
1.206639E+06  8.476934E+08  4.198652E+08  0.000000E+00  2.523525E+08  1.663703E+08  1.142389E+06  0.000000E+00
1.248475E+06  8.038596E+08  3.980064E+08  0.000000E+00  2.400992E+08  1.568210E+08  1.086251E+06  0.000000E+00
1.292513E+06  7.610059E+08  3.766307E+08  0.000000E+00  2.280732E+08  1.475255E+08  1.031972E+06  0.000000E+00
1.336551E+06  7.212215E+08  3.567858E+08  0.000000E+00  2.168626E+08  1.389410E+08  9.821773E+05  0.000000E+00
1.382791E+06  6.824527E+08  3.374517E+08  0.000000E+00  2.058908E+08  1.306267E+08  9.342684E+05  0.000000E+00
1.431233E+06  6.448961E+08  3.187309E+08  0.000000E+00  1.952117E+08  1.226307E+08  8.885080E+05  0.000000E+00
1.479674E+06  6.101232E+08  3.014093E+08  0.000000E+00  1.852762E+08  1.152863E+08  8.467524E+05  0.000000E+00
1.532520E+06  5.750607E+08  2.839588E+08  0.000000E+00  1.752070E+08  1.079465E+08  8.052982E+05  0.000000E+00
1.585365E+06  5.427129E+08  2.678767E+08  0.000000E+00  1.658674E+08  1.012416E+08  7.676794E+05  0.000000E+00
1.642615E+06  5.104356E+08  2.518500E+08  0.000000E+00  1.564958E+08  9.462333E+07  7.307875E+05  0.000000E+00
1.699864E+06  4.807543E+08  2.371334E+08  0.000000E+00  1.478277E+08  8.860825E+07  6.974715E+05  0.000000E+00
1.761517E+06  4.514016E+08  2.226031E+08  0.000000E+00  1.392040E+08  8.273400E+07  6.651347E+05  0.000000E+00
1.823170E+06  4.244846E+08  2.093017E+08  0.000000E+00  1.312469E+08  7.741872E+07  6.360443E+05  0.000000E+00
1.889227E+06  3.980687E+08  1.962721E+08  0.000000E+00  1.233888E+08  7.227528E+07  6.080441E+05  0.000000E+00
1.955284E+06  3.739007E+08  1.843746E+08  0.000000E+00  1.161533E+08  6.763833E+07  5.829201E+05  0.000000E+00
2.025745E+06  3.503372E+08  1.727982E+08  0.000000E+00  1.090535E+08  6.318585E+07  5.588898E+05  0.000000E+00
2.096205E+06  3.288189E+08  1.622487E+08  0.000000E+00  1.025281E+08  5.918329E+07  5.373512E+05  0.000000E+00
2.171070E+06  3.079549E+08  1.520416E+08  0.000000E+00  9.616051E+07  5.536428E+07  5.168354E+05  0.000000E+00
2.245934E+06  2.889292E+08  1.427536E+08  0.000000E+00  9.031713E+07  5.193803E+07  4.984346E+05  0.000000E+00
2.325203E+06  2.705688E+08  1.338092E+08  0.000000E+00  8.464301E+07  4.868528E+07  4.809401E+05  0.000000E+00
2.404471E+06  2.538438E+08  1.256784E+08  0.000000E+00  7.944290E+07  4.577031E+07  4.652084E+05  0.000000E+00
2.488143E+06  2.377680E+08  1.178789E+08  0.000000E+00  7.441525E+07  4.301340E+07  4.502445E+05  0.000000E+00
2.576219E+06  2.224020E+08  1.104384E+08  0.000000E+00  6.958173E+07  4.042065E+07  4.360517E+05  0.000000E+00
2.664295E+06  2.084520E+08  1.036962E+08  0.000000E+00  6.516938E+07  3.810362E+07  4.232227E+05  0.000000E+00
2.756774E+06  1.951555E+08  9.728100E+07  0.000000E+00  6.094182E+07  3.592818E+07  4.110009E+05  0.000000E+00
2.853658E+06  1.825629E+08  9.121537E+07  0.000000E+00  5.691775E+07  3.389824E+07  3.993808E+05  0.000000E+00
2.950541E+06  1.711609E+08  8.573118E+07  0.000000E+00  5.325739E+07  3.208503E+07  3.887696E+05  0.000000E+00
3.056232E+06  1.599170E+08  8.032995E+07  0.000000E+00  4.963235E+07  3.031944E+07  3.781624E+05  0.000000E+00
3.161923E+06  1.497745E+08  7.546324E+07  0.000000E+00  4.634958E+07  2.874525E+07  3.684106E+05  0.000000E+00
3.276422E+06  1.398815E+08  7.072044E+07  0.000000E+00  4.313618E+07  2.722561E+07  3.586601E+05  0.000000E+00
3.390920E+06  1.309908E+08  6.646112E+07  0.000000E+00  4.023934E+07  2.587215E+07  3.496250E+05  0.000000E+00
3.514227E+06  1.224005E+08  6.234748E+07  0.000000E+00  3.743289E+07  2.457402E+07  3.405705E+05  0.000000E+00
3.637533E+06  1.147067E+08  5.866374E+07  0.000000E+00  3.491373E+07  2.341790E+07  3.321105E+05  0.000000E+00
3.760839E+06  1.078001E+08  5.535668E+07  0.000000E+00  3.264860E+07  2.238393E+07  3.241578E+05  0.000000E+00
3.892953E+06  1.011679E+08  5.217983E+07  0.000000E+00  3.047085E+07  2.139285E+07  3.161206E+05  0.000000E+00
4.025067E+06  9.523342E+07  4.933538E+07  0.000000E+00  2.852086E+07  2.050600E+07  3.085164E+05  0.000000E+00
4.165988E+06  8.957717E+07  4.662173E+07  0.000000E+00  2.666193E+07  1.965898E+07  3.008206E+05  0.000000E+00
4.315717E+06  8.423337E+07  4.405465E+07  0.000000E+00  2.490630E+07  1.885530E+07  2.930553E+05  0.000000E+00
4.465446E+06  7.948734E+07  4.177100E+07  0.000000E+00  2.334850E+07  1.813683E+07  2.856637E+05  0.000000E+00
4.623982E+06  7.502818E+07  3.962108E+07  0.000000E+00  2.188707E+07  1.745580E+07  2.781996E+05  0.000000E+00
4.782519E+06  7.107470E+07  3.771042E+07  0.000000E+00  2.059413E+07  1.684522E+07  2.710699E+05  0.000000E+00
4.949863E+06  6.737662E+07  3.591822E+07  0.000000E+00  1.938806E+07  1.626629E+07  2.638721E+05  0.000000E+00
5.126015E+06  6.393897E+07  3.424676E+07  0.000000E+00  1.827089E+07  1.571924E+07  2.566270E+05  0.000000E+00
5.302166E+06  6.090299E+07  3.276505E+07  0.000000E+00  1.728846E+07  1.522690E+07  2.496934E+05  0.000000E+00
5.487126E+06  5.808610E+07  3.138445E+07  0.000000E+00  1.638150E+07  1.476023E+07  2.427223E+05  0.000000E+00
5.689700E+06  5.537785E+07  3.005042E+07  0.000000E+00  1.551493E+07  1.430006E+07  2.354285E+05  0.000000E+00
5.883467E+06  5.309720E+07  2.892078E+07  0.000000E+00  1.479031E+07  1.390171E+07  2.287589E+05  0.000000E+00
6.094849E+06  5.089939E+07  2.782561E+07  0.000000E+00  1.409752E+07  1.350629E+07  2.218001E+05  0.000000E+00
6.306231E+06  4.895782E+07  2.685162E+07  0.000000E+00  1.349099E+07  1.314548E+07  2.151511E+05  0.000000E+00
6.535228E+06  4.709735E+07  2.591144E+07  0.000000E+00  1.291565E+07  1.278751E+07  2.082757E+05  0.000000E+00
6.764226E+06  4.544857E+07  2.507156E+07  0.000000E+00  1.241149E+07  1.245835E+07  2.017201E+05  0.000000E+00
6.993223E+06  4.397679E+07  2.431565E+07  0.000000E+00  1.196674E+07  1.215344E+07  1.954654E+05  0.000000E+00
7.239835E+06  4.255707E+07  2.358015E+07  0.000000E+00  1.154317E+07  1.184793E+07  1.890464E+05  0.000000E+00
7.486448E+06  4.128031E+07  2.291272E+07  0.000000E+00  1.116737E+07  1.156241E+07  1.829370E+05  0.000000E+00
7.750675E+06  4.004404E+07  2.226050E+07  0.000000E+00  1.080859E+07  1.127519E+07  1.767147E+05  0.000000E+00
8.014903E+06  3.892092E+07  2.166248E+07  0.000000E+00  1.048733E+07  1.100434E+07  1.708078E+05  0.000000E+00
8.296745E+06  3.782625E+07  2.107428E+07  0.000000E+00  1.017870E+07  1.073074E+07  1.648341E+05  0.000000E+00
8.578588E+06  3.682019E+07  2.052890E+07  0.000000E+00  9.899095E+06  1.047063E+07  1.591781E+05  0.000000E+00
8.878046E+06  3.583193E+07  1.998868E+07  0.000000E+00  9.628201E+06  1.020698E+07  1.534959E+05  0.000000E+00
9.195119E+06  3.486105E+07  1.945366E+07  0.000000E+00  9.365623E+06  9.940208E+06  1.478243E+05  0.000000E+00
9.512192E+06  3.395513E+07  1.895073E+07  0.000000E+00  9.123652E+06  9.684591E+06  1.424850E+05  0.000000E+00
9.846880E+06  3.305823E+07  1.844947E+07  0.000000E+00  8.886786E+06  9.425500E+06  1.371865E+05  0.000000E+00
9.970187E+06  3.274130E+07  1.827160E+07  0.000000E+00  8.803684E+06  9.332594E+06  1.353173E+05  0.000000E+00
