# Heating rates from Oleg Korobkin (WinNet+Decay Network)
# 1st block is thermalization parameters, 2nd block is heating rates

# 1st line is thermalization option for columns 4-8 in the heating rates
# 2nd line is thermalization parameter (use depends on option in 1st line)
           1             1             0             1             1
1.200000E-11  1.300000E-11  1.000000E+00  1.300000E-11  2.000000E-12

# 424
# 1:time[s], 2:total nuclear heating rate[erg/(g*s)] 3:total radiation[erg/g*s]
# 4:alpha 5:beta 6:gamma 7:electrons 8:fission products
4.958833E+00  9.732796E+15  1.974751E+15  0.000000E+00  1.014231E+15  9.597067E+14  8.128205E+11  0.000000E+00
5.130691E+00  9.239977E+15  1.937403E+15  0.000000E+00  9.943932E+14  9.422042E+14  8.053539E+11  0.000000E+00
5.302549E+00  8.785712E+15  1.901589E+15  0.000000E+00  9.755669E+14  9.252247E+14  7.974918E+11  0.000000E+00
5.485865E+00  8.339500E+15  1.864872E+15  0.000000E+00  9.564531E+14  9.076298E+14  7.887381E+11  0.000000E+00
5.669180E+00  7.928983E+15  1.829512E+15  0.000000E+00  9.382131E+14  8.905196E+14  7.796700E+11  0.000000E+00
5.863953E+00  7.527999E+15  1.793275E+15  0.000000E+00  9.196761E+14  8.728291E+14  7.697568E+11  0.000000E+00
6.058726E+00  7.159630E+15  1.758280E+15  0.000000E+00  9.019112E+14  8.556092E+14  7.596185E+11  0.000000E+00
6.264956E+00  6.801497E+15  1.722465E+15  0.000000E+00  8.838556E+14  8.378605E+14  7.487000E+11  0.000000E+00
6.471186E+00  6.472814E+15  1.687827E+15  0.000000E+00  8.665021E+14  8.205869E+14  7.376491E+11  0.000000E+00
6.688873E+00  6.154481E+15  1.652455E+15  0.000000E+00  8.488799E+14  8.028491E+14  7.258962E+11  0.000000E+00
6.918018E+00  5.847767E+15  1.616462E+15  0.000000E+00  8.310396E+14  7.847092E+14  7.134819E+11  0.000000E+00
7.147162E+00  5.567018E+15  1.581672E+15  0.000000E+00  8.138731E+14  7.670983E+14  7.010736E+11  0.000000E+00
7.387764E+00  5.297123E+15  1.546373E+15  0.000000E+00  7.965239E+14  7.491608E+14  6.880983E+11  0.000000E+00
7.639823E+00  5.038974E+15  1.510696E+15  0.000000E+00  7.790521E+14  7.309691E+14  6.746102E+11  0.000000E+00
7.891881E+00  4.803079E+15  1.476289E+15  0.000000E+00  7.622545E+14  7.133731E+14  6.612692E+11  0.000000E+00
8.166855E+00  4.567978E+15  1.440125E+15  0.000000E+00  7.446469E+14  6.948311E+14  6.469186E+11  0.000000E+00
8.441828E+00  4.353427E+15  1.405329E+15  0.000000E+00  7.277457E+14  6.769507E+14  6.328116E+11  0.000000E+00
8.716801E+00  4.157064E+15  1.371842E+15  0.000000E+00  7.115124E+14  6.597108E+14  6.189733E+11  0.000000E+00
9.014689E+00  3.962497E+15  1.336976E+15  0.000000E+00  6.946393E+14  6.417321E+14  6.043066E+11  0.000000E+00
9.312577E+00  3.784636E+15  1.303510E+15  0.000000E+00  6.784676E+14  6.244522E+14  5.899942E+11  0.000000E+00
9.633379E+00  3.609571E+15  1.268961E+15  0.000000E+00  6.617925E+14  6.065931E+14  5.749897E+11  0.000000E+00
9.954182E+00  3.449580E+15  1.235881E+15  0.000000E+00  6.458422E+14  5.894779E+14  5.604167E+11  0.000000E+00
1.029782E+01  3.292919E+15  1.201990E+15  0.000000E+00  6.295137E+14  5.719309E+14  5.452880E+11  0.000000E+00
1.066437E+01  3.140559E+15  1.167503E+15  0.000000E+00  6.129076E+14  5.540658E+14  5.296978E+11  0.000000E+00
1.103092E+01  3.001549E+15  1.134633E+15  0.000000E+00  5.970863E+14  5.370325E+14  5.146653E+11  0.000000E+00
1.142037E+01  2.866671E+15  1.101374E+15  0.000000E+00  5.810803E+14  5.197942E+14  4.992919E+11  0.000000E+00
1.180983E+01  2.743388E+15  1.069723E+15  0.000000E+00  5.658488E+14  5.033894E+14  4.845190E+11  0.000000E+00
1.222220E+01  2.623945E+15  1.037850E+15  0.000000E+00  5.505086E+14  4.868721E+14  4.695105E+11  0.000000E+00
1.265747E+01  2.508726E+15  1.005916E+15  0.000000E+00  5.351343E+14  4.703278E+14  4.543486E+11  0.000000E+00
1.309275E+01  2.403295E+15  9.756182E+14  0.000000E+00  5.205408E+14  4.546375E+14  4.398562E+11  0.000000E+00
1.355093E+01  2.301598E+15  9.453689E+14  0.000000E+00  5.059625E+14  4.389811E+14  4.252911E+11  0.000000E+00
1.403203E+01  2.203821E+15  9.152921E+14  0.000000E+00  4.914566E+14  4.234248E+14  4.107219E+11  0.000000E+00
1.451230E+01  2.114330E+15  8.868699E+14  0.000000E+00  4.777369E+14  4.087361E+14  3.968814E+11  0.000000E+00
1.500730E+01  2.029659E+15  8.591495E+14  0.000000E+00  4.643428E+14  3.944234E+14  3.833212E+11  0.000000E+00
1.554730E+01  1.944853E+15  8.305624E+14  0.000000E+00  4.505142E+14  3.796789E+14  3.692823E+11  0.000000E+00
1.608730E+01  1.867004E+15  8.035704E+14  0.000000E+00  4.374405E+14  3.657739E+14  3.559833E+11  0.000000E+00
1.667229E+01  1.789577E+15  7.759889E+14  0.000000E+00  4.240622E+14  3.515843E+14  3.423582E+11  0.000000E+00
1.725729E+01  1.718484E+15  7.499990E+14  0.000000E+00  4.114358E+14  3.382337E+14  3.294940E+11  0.000000E+00
1.784229E+01  1.652983E+15  7.254765E+14  0.000000E+00  3.995020E+14  3.256571E+14  3.173407E+11  0.000000E+00
1.847228E+01  1.587975E+15  7.005804E+14  0.000000E+00  3.873637E+14  3.129117E+14  3.049946E+11  0.000000E+00
1.910228E+01  1.528052E+15  6.771310E+14  0.000000E+00  3.759071E+14  3.009305E+14  2.933663E+11  0.000000E+00
1.977728E+01  1.468843E+15  6.534842E+14  0.000000E+00  3.643279E+14  2.888746E+14  2.816482E+11  0.000000E+00
2.045228E+01  1.414214E+15  6.312446E+14  0.000000E+00  3.534107E+14  2.775633E+14  2.706426E+11  0.000000E+00
2.117227E+01  1.360418E+15  6.089483E+14  0.000000E+00  3.424358E+14  2.662529E+14  2.596319E+11  0.000000E+00
2.189227E+01  1.310724E+15  5.880054E+14  0.000000E+00  3.320964E+14  2.556597E+14  2.493185E+11  0.000000E+00
2.265727E+01  1.261911E+15  5.671155E+14  0.000000E+00  3.217496E+14  2.451268E+14  2.390676E+11  0.000000E+00
2.346726E+01  1.214199E+15  5.463991E+14  0.000000E+00  3.114513E+14  2.347189E+14  2.289471E+11  0.000000E+00
2.427726E+01  1.170112E+15  5.270040E+14  0.000000E+00  3.017716E+14  2.250129E+14  2.195219E+11  0.000000E+00
2.513225E+01  1.127063E+15  5.078425E+14  0.000000E+00  2.921672E+14  2.154650E+14  2.102672E+11  0.000000E+00
2.598725E+01  1.087199E+15  4.899131E+14  0.000000E+00  2.831387E+14  2.065728E+14  2.016680E+11  0.000000E+00
2.688725E+01  1.048295E+15  4.722566E+14  0.000000E+00  2.742029E+14  1.978604E+14  1.932665E+11  0.000000E+00
2.783224E+01  1.010447E+15  4.549432E+14  0.000000E+00  2.653925E+14  1.893656E+14  1.851024E+11  0.000000E+00
2.885631E+01  9.725411E+14  4.374833E+14  0.000000E+00  2.564522E+14  1.808542E+14  1.769563E+11  0.000000E+00
2.991010E+01  9.365130E+14  4.207946E+14  0.000000E+00  2.478485E+14  1.727769E+14  1.692633E+11  0.000000E+00
3.096388E+01  9.031297E+14  4.052664E+14  0.000000E+00  2.397860E+14  1.653182E+14  1.621976E+11  0.000000E+00
3.201766E+01  8.720961E+14  3.907896E+14  0.000000E+00  2.322142E+14  1.584197E+14  1.557008E+11  0.000000E+00
3.315926E+01  8.408346E+14  3.761803E+14  0.000000E+00  2.245132E+14  1.515179E+14  1.492437E+11  0.000000E+00
3.430086E+01  8.117568E+14  3.625810E+14  0.000000E+00  2.172846E+14  1.451531E+14  1.433328E+11  0.000000E+00
3.553028E+01  7.826128E+14  3.489535E+14  0.000000E+00  2.099771E+14  1.388389E+14  1.375166E+11  0.000000E+00
3.675969E+01  7.554720E+14  3.362766E+14  0.000000E+00  2.031165E+14  1.330279E+14  1.322121E+11  0.000000E+00
3.807692E+01  7.283684E+14  3.236413E+14  0.000000E+00  1.962125E+14  1.273018E+14  1.270364E+11  0.000000E+00
3.939415E+01  7.030847E+14  3.118851E+14  0.000000E+00  1.897248E+14  1.220379E+14  1.223296E+11  0.000000E+00
4.079919E+01  6.779003E+14  3.002123E+14  0.000000E+00  1.832175E+14  1.168770E+14  1.177685E+11  0.000000E+00
4.220424E+01  6.543582E+14  2.893407E+14  0.000000E+00  1.770940E+14  1.121331E+14  1.136284E+11  0.000000E+00
4.369710E+01  6.309486E+14  2.785734E+14  0.000000E+00  1.709658E+14  1.074980E+14  1.096374E+11  0.000000E+00
4.518996E+01  6.090152E+14  2.685278E+14  0.000000E+00  1.651885E+14  1.032333E+14  1.060175E+11  0.000000E+00
4.677063E+01  5.872293E+14  2.585928E+14  0.000000E+00  1.594157E+14  9.907453E+13  1.025405E+11  0.000000E+00
4.843912E+01  5.656675E+14  2.488035E+14  0.000000E+00  1.536683E+14  9.503606E+13  9.921854E+10  0.000000E+00
5.010761E+01  5.454238E+14  2.396525E+14  0.000000E+00  1.482411E+14  9.131517E+13  9.620916E+10  0.000000E+00
5.186392E+01  5.253904E+14  2.306337E+14  0.000000E+00  1.428404E+14  8.769997E+13  9.333567E+10  0.000000E+00
5.362022E+01  5.065333E+14  2.221769E+14  0.000000E+00  1.377294E+14  8.435681E+13  9.072513E+10  0.000000E+00
5.546435E+01  4.878752E+14  2.138386E+14  0.000000E+00  1.326461E+14  8.110434E+13  8.823055E+10  0.000000E+00
5.739628E+01  4.694788E+14  2.056438E+14  0.000000E+00  1.276080E+14  7.794989E+13  8.585581E+10  0.000000E+00
5.950385E+01  4.505929E+14  1.972545E+14  0.000000E+00  1.224098E+14  7.476122E+13  8.349983E+10  0.000000E+00
6.161142E+01  4.328207E+14  1.893790E+14  0.000000E+00  1.174943E+14  7.180329E+13  8.135436E+10  0.000000E+00
6.371898E+01  4.160565E+14  1.819641E+14  0.000000E+00  1.128370E+14  6.904772E+13  7.938993E+10  0.000000E+00
6.600218E+01  3.989281E+14  1.743991E+14  0.000000E+00  1.080583E+14  6.626337E+13  7.743767E+10  0.000000E+00
6.828538E+01  3.827775E+14  1.672736E+14  0.000000E+00  1.035347E+14  6.366328E+13  7.564301E+10  0.000000E+00
7.074420E+01  3.663806E+14  1.600444E+14  0.000000E+00  9.892545E+13  6.104509E+13  7.386185E+10  0.000000E+00
7.320303E+01  3.509275E+14  1.532337E+14  0.000000E+00  9.456733E+13  5.859417E+13  7.221624E+10  0.000000E+00
7.583749E+01  3.353284E+14  1.463591E+14  0.000000E+00  9.015538E+13  5.613312E+13  7.058277E+10  0.000000E+00
7.847195E+01  3.206379E+14  1.398837E+14  0.000000E+00  8.599018E+13  5.382448E+13  6.906549E+10  0.000000E+00
8.128204E+01  3.058871E+14  1.333795E+14  0.000000E+00  8.179949E+13  5.151250E+13  6.755819E+10  0.000000E+00
8.409213E+01  2.920093E+14  1.272574E+14  0.000000E+00  7.785069E+13  4.934058E+13  6.615099E+10  0.000000E+00
8.707785E+01  2.781448E+14  1.211379E+14  0.000000E+00  7.390143E+13  4.717169E+13  6.475188E+10  0.000000E+00
9.006357E+01  2.651171E+14  1.153847E+14  0.000000E+00  7.018843E+13  4.513280E+13  6.343998E+10  0.000000E+00
9.322492E+01  2.521649E+14  1.096620E+14  0.000000E+00  6.649663E+13  4.310319E+13  6.213504E+10  0.000000E+00
9.638627E+01  2.400126E+14  1.042906E+14  0.000000E+00  6.303433E+13  4.119531E+13  6.090721E+10  0.000000E+00
9.972325E+01  2.279868E+14  9.897371E+13  0.000000E+00  5.961133E+13  3.930269E+13  5.968601E+10  0.000000E+00
1.032359E+02  2.161495E+14  9.373973E+13  0.000000E+00  5.624705E+13  3.743421E+13  5.847518E+10  0.000000E+00
1.067485E+02  2.050898E+14  8.885012E+13  0.000000E+00  5.311016E+13  3.568264E+13  5.733342E+10  0.000000E+00
1.104367E+02  1.942489E+14  8.405891E+13  0.000000E+00  5.004320E+13  3.395951E+13  5.620188E+10  0.000000E+00
1.144762E+02  1.832269E+14  7.919086E+13  0.000000E+00  4.693537E+13  3.220045E+13  5.503578E+10  0.000000E+00
1.186913E+02  1.725769E+14  7.449167E+13  0.000000E+00  4.394440E+13  3.049338E+13  5.389138E+10  0.000000E+00
1.229065E+02  1.627217E+14  7.014876E+13  0.000000E+00  4.118924E+13  2.890670E+13  5.281412E+10  0.000000E+00
1.271216E+02  1.535940E+14  6.613269E+13  0.000000E+00  3.865022E+13  2.743067E+13  5.179809E+10  0.000000E+00
1.316880E+02  1.444560E+14  6.211975E+13  0.000000E+00  3.612269E+13  2.594630E+13  5.076050E+10  0.000000E+00
1.362544E+02  1.360307E+14  5.842801E+13  0.000000E+00  3.380687E+13  2.457136E+13  4.978294E+10  0.000000E+00
1.411721E+02  1.276822E+14  5.477930E+13  0.000000E+00  3.152798E+13  2.320252E+13  4.879147E+10  0.000000E+00
1.460897E+02  1.200166E+14  5.143874E+13  0.000000E+00  2.945125E+13  2.193963E+13  4.785805E+10  0.000000E+00
1.513586E+02  1.124892E+14  4.816898E+13  0.000000E+00  2.742857E+13  2.069350E+13  4.691671E+10  0.000000E+00
1.566276E+02  1.056031E+14  4.518827E+13  0.000000E+00  2.559434E+13  1.954789E+13  4.603079E+10  0.000000E+00
1.622477E+02  9.889456E+13  4.229535E+13  0.000000E+00  2.382398E+13  1.842623E+13  4.514141E+10  0.000000E+00
1.678679E+02  9.277713E+13  3.966794E+13  0.000000E+00  2.222545E+13  1.739818E+13  4.430427E+10  0.000000E+00
1.738393E+02  8.685800E+13  3.713639E+13  0.000000E+00  2.069462E+13  1.639830E+13  4.346682E+10  0.000000E+00
1.798108E+02  8.147458E+13  3.484402E+13  0.000000E+00  1.931726E+13  1.548408E+13  4.267804E+10  0.000000E+00
1.861335E+02  7.629572E+13  3.264863E+13  0.000000E+00  1.800689E+13  1.459985E+13  4.189096E+10  0.000000E+00
1.924562E+02  7.159500E+13  3.066498E+13  0.000000E+00  1.683101E+13  1.379282E+13  4.114875E+10  0.000000E+00
1.991301E+02  6.709439E+13  2.877439E+13  0.000000E+00  1.571821E+13  1.301577E+13  4.040938E+10  0.000000E+00
2.061554E+02  6.281080E+13  2.698325E+13  0.000000E+00  1.467176E+13  1.227181E+13  3.967530E+10  0.000000E+00
2.131806E+02  5.893900E+13  2.537152E+13  0.000000E+00  1.373726E+13  1.159528E+13  3.898214E+10  0.000000E+00
2.205571E+02  5.526470E+13  2.384855E+13  0.000000E+00  1.286096E+13  1.094929E+13  3.829405E+10  0.000000E+00
2.282848E+02  5.180084E+13  2.241878E+13  0.000000E+00  1.204487E+13  1.033630E+13  3.761327E+10  0.000000E+00
2.360126E+02  4.867625E+13  2.113388E+13  0.000000E+00  1.131718E+13  9.779733E+12  3.696862E+10  0.000000E+00
2.444428E+02  4.560590E+13  1.987555E+13  0.000000E+00  1.061010E+13  9.229142E+12  3.630233E+10  0.000000E+00
2.528731E+02  4.284448E+13  1.874718E+13  0.000000E+00  9.980997E+12  8.730511E+12  3.567070E+10  0.000000E+00
2.620059E+02  4.015660E+13  1.765154E+13  0.000000E+00  9.374807E+12  8.241713E+12  3.502145E+10  0.000000E+00
2.711387E+02  3.774360E+13  1.666979E+13  0.000000E+00  8.835646E+12  7.799734E+12  3.440486E+10  0.000000E+00
2.809740E+02  3.541154E+13  1.572210E+13  0.000000E+00  8.318856E+12  7.369474E+12  3.377347E+10  0.000000E+00
2.908093E+02  3.331920E+13  1.487227E+13  0.000000E+00  7.858470E+12  6.980626E+12  3.317238E+10  0.000000E+00
3.013471E+02  3.130741E+13  1.405497E+13  0.000000E+00  7.418362E+12  6.604046E+12  3.255840E+10  0.000000E+00
3.118850E+02  2.950151E+13  1.332061E+13  0.000000E+00  7.025036E+12  6.263603E+12  3.197224E+10  0.000000E+00
3.231253E+02  2.777120E+13  1.261582E+13  0.000000E+00  6.649291E+12  5.935155E+12  3.137443E+10  0.000000E+00
3.343657E+02  2.621586E+13  1.198082E+13  0.000000E+00  6.312061E+12  5.637954E+12  3.080202E+10  0.000000E+00
3.463086E+02  2.472893E+13  1.137195E+13  0.000000E+00  5.989706E+12  5.352024E+12  3.021877E+10  0.000000E+00
3.582514E+02  2.338973E+13  1.082166E+13  0.000000E+00  5.699034E+12  5.092963E+12  2.965863E+10  0.000000E+00
3.708968E+02  2.211107E+13  1.029417E+13  0.000000E+00  5.420839E+12  4.844246E+12  2.908823E+10  0.000000E+00
3.835422E+02  2.095672E+13  9.815933E+12  0.000000E+00  5.168824E+12  4.618570E+12  2.853889E+10  0.000000E+00
3.968902E+02  1.985524E+13  9.357535E+12  0.000000E+00  4.927308E+12  4.402248E+12  2.797972E+10  0.000000E+00
4.109406E+02  1.880847E+13  8.919825E+12  0.000000E+00  4.696592E+12  4.195820E+12  2.741192E+10  0.000000E+00
4.249911E+02  1.786208E+13  8.522179E+12  0.000000E+00  4.486795E+12  4.008520E+12  2.686354E+10  0.000000E+00
4.397440E+02  1.696227E+13  8.142308E+12  0.000000E+00  4.286097E+12  3.829905E+12  2.630677E+10  0.000000E+00
4.551995E+02  1.611087E+13  7.781153E+12  0.000000E+00  4.094937E+12  3.660473E+12  2.574296E+10  0.000000E+00
4.706550E+02  1.533943E+13  7.452443E+12  0.000000E+00  3.920589E+12  3.506657E+12  2.519716E+10  0.000000E+00
4.875155E+02  1.457694E+13  7.126153E+12  0.000000E+00  3.747124E+12  3.354409E+12  2.462055E+10  0.000000E+00
5.043761E+02  1.388644E+13  6.829471E+12  0.000000E+00  3.589004E+12  3.216404E+12  2.406209E+10  0.000000E+00
5.226417E+02  1.320914E+13  6.537351E+12  0.000000E+00  3.432910E+12  3.080965E+12  2.347607E+10  0.000000E+00
5.409072E+02  1.259599E+13  6.271967E+12  0.000000E+00  3.290724E+12  2.958334E+12  2.290842E+10  0.000000E+00
5.605779E+02  1.199814E+13  6.012364E+12  0.000000E+00  3.151265E+12  2.838782E+12  2.231625E+10  0.000000E+00
5.802485E+02  1.145678E+13  5.776587E+12  0.000000E+00  3.024275E+12  2.730570E+12  2.174270E+10  0.000000E+00
5.999191E+02  1.096479E+13  5.561730E+12  0.000000E+00  2.908269E+12  2.632274E+12  2.118664E+10  0.000000E+00
6.209948E+02  1.048561E+13  5.351928E+12  0.000000E+00  2.794730E+12  2.536589E+12  2.060919E+10  0.000000E+00
6.420704E+02  1.004993E+13  5.160690E+12  0.000000E+00  2.691010E+12  2.449630E+12  2.004970E+10  0.000000E+00
6.645512E+02  9.627203E+12  4.974664E+12  0.000000E+00  2.589913E+12  2.365279E+12  1.947170E+10  0.000000E+00
6.884369E+02  9.219616E+12  4.794813E+12  0.000000E+00  2.491986E+12  2.283949E+12  1.887777E+10  0.000000E+00
7.123227E+02  8.849466E+12  4.631002E+12  0.000000E+00  2.402641E+12  2.210058E+12  1.830365E+10  0.000000E+00
7.376135E+02  8.493195E+12  4.472826E+12  0.000000E+00  2.316241E+12  2.138869E+12  1.771633E+10  0.000000E+00
7.629043E+02  8.169026E+12  4.328386E+12  0.000000E+00  2.237244E+12  2.073993E+12  1.714923E+10  0.000000E+00
7.896001E+02  7.857321E+12  4.188939E+12  0.000000E+00  2.160897E+12  2.011470E+12  1.657160E+10  0.000000E+00
8.177010E+02  7.558783E+12  4.054760E+12  0.000000E+00  2.087373E+12  1.951401E+12  1.598581E+10  0.000000E+00
8.458019E+02  7.286767E+12  3.931860E+12  0.000000E+00  2.019987E+12  1.896451E+12  1.542184E+10  0.000000E+00
8.753078E+02  7.026101E+12  3.813400E+12  0.000000E+00  1.955011E+12  1.843537E+12  1.485215E+10  0.000000E+00
9.076239E+02  6.766546E+12  3.694635E+12  0.000000E+00  1.889856E+12  1.790526E+12  1.425383E+10  0.000000E+00
9.385348E+02  6.540153E+12  3.590273E+12  0.000000E+00  1.832605E+12  1.743963E+12  1.370525E+10  0.000000E+00
9.722559E+02  6.314274E+12  3.485317E+12  0.000000E+00  1.775046E+12  1.697140E+12  1.313188E+10  0.000000E+00
1.005977E+03  6.107620E+12  3.388459E+12  0.000000E+00  1.721954E+12  1.653922E+12  1.258349E+10  0.000000E+00
1.042508E+03  5.902630E+12  3.291481E+12  0.000000E+00  1.668835E+12  1.610630E+12  1.201626E+10  0.000000E+00
1.079039E+03  5.714745E+12  3.201712E+12  0.000000E+00  1.619711E+12  1.570525E+12  1.147563E+10  0.000000E+00
1.115570E+03  5.541769E+12  3.118236E+12  0.000000E+00  1.574083E+12  1.533193E+12  1.096031E+10  0.000000E+00
1.154912E+03  5.370031E+12  3.034498E+12  0.000000E+00  1.528372E+12  1.495694E+12  1.043225E+10  0.000000E+00
1.194253E+03  5.211465E+12  2.956358E+12  0.000000E+00  1.485782E+12  1.460646E+12  9.930661E+09  0.000000E+00
1.236404E+03  5.054310E+12  2.878082E+12  0.000000E+00  1.443190E+12  1.425471E+12  9.421086E+09  0.000000E+00
1.278556E+03  4.908657E+12  2.804753E+12  0.000000E+00  1.403367E+12  1.392448E+12  8.938763E+09  0.000000E+00
1.323517E+03  4.764344E+12  2.731328E+12  0.000000E+00  1.363574E+12  1.359301E+12  8.452643E+09  0.000000E+00
1.368478E+03  4.629995E+12  2.662261E+12  0.000000E+00  1.326228E+12  1.328040E+12  7.994128E+09  0.000000E+00
1.416250E+03  4.496785E+12  2.593092E+12  0.000000E+00  1.288916E+12  1.296641E+12  7.535414E+09  0.000000E+00
1.466832E+03  4.365091E+12  2.524034E+12  0.000000E+00  1.251762E+12  1.265192E+12  7.079713E+09  0.000000E+00
1.517413E+03  4.241805E+12  2.458780E+12  0.000000E+00  1.216753E+12  1.235374E+12  6.652904E+09  0.000000E+00
1.570805E+03  4.119656E+12  2.393559E+12  0.000000E+00  1.181864E+12  1.205464E+12  6.231663E+09  0.000000E+00
1.624197E+03  4.004715E+12  2.331687E+12  0.000000E+00  1.148866E+12  1.176982E+12  5.838481E+09  0.000000E+00
1.680398E+03  3.890587E+12  2.269789E+12  0.000000E+00  1.115959E+12  1.148377E+12  5.452826E+09  0.000000E+00
1.739410E+03  3.777448E+12  2.207992E+12  0.000000E+00  1.083215E+12  1.119701E+12  5.076817E+09  0.000000E+00
1.798422E+03  3.670451E+12  2.149169E+12  0.000000E+00  1.052154E+12  1.092286E+12  4.728553E+09  0.000000E+00
1.860244E+03  3.564216E+12  2.090419E+12  0.000000E+00  1.021242E+12  1.064787E+12  4.391185E+09  0.000000E+00
1.927686E+03  3.454349E+12  2.029325E+12  0.000000E+00  9.892149E+11  1.036058E+12  4.052309E+09  0.000000E+00
1.995128E+03  3.350116E+12  1.971070E+12  0.000000E+00  9.587934E+11  1.008535E+12  3.741365E+09  0.000000E+00
2.068191E+03  3.242910E+12  1.910872E+12  0.000000E+00  9.274822E+11  9.799568E+11  3.433306E+09  0.000000E+00
2.141253E+03  3.141069E+12  1.853442E+12  0.000000E+00  8.977317E+11  9.525578E+11  3.152545E+09  0.000000E+00
2.214315E+03  3.044100E+12  1.798551E+12  0.000000E+00  8.694100E+11  9.262439E+11  2.896607E+09  0.000000E+00
2.292998E+03  2.944646E+12  1.742052E+12  0.000000E+00  8.403782E+11  8.990280E+11  2.646172E+09  0.000000E+00
2.371680E+03  2.849922E+12  1.688063E+12  0.000000E+00  8.127506E+11  8.728930E+11  2.419384E+09  0.000000E+00
2.455983E+03  2.753258E+12  1.632796E+12  0.000000E+00  7.845880E+11  8.460082E+11  2.200042E+09  0.000000E+00
2.540286E+03  2.661202E+12  1.580009E+12  0.000000E+00  7.578032E+11  8.202033E+11  2.002692E+09  0.000000E+00
2.630208E+03  2.567708E+12  1.526247E+12  0.000000E+00  7.306402E+11  7.937932E+11  1.813878E+09  0.000000E+00
2.720131E+03  2.478714E+12  1.474936E+12  0.000000E+00  7.048268E+11  7.684643E+11  1.645057E+09  0.000000E+00
2.815674E+03  2.388743E+12  1.422926E+12  0.000000E+00  6.787744E+11  7.426669E+11  1.485158E+09  0.000000E+00
2.911217E+03  2.303170E+12  1.373336E+12  0.000000E+00  6.540406E+11  7.179522E+11  1.343053E+09  0.000000E+00
3.012381E+03  2.217034E+12  1.323297E+12  0.000000E+00  6.291901E+11  6.928972E+11  1.209713E+09  0.000000E+00
3.119164E+03  2.130766E+12  1.273058E+12  0.000000E+00  6.043497E+11  6.676229E+11  1.085763E+09  0.000000E+00
3.225947E+03  2.048955E+12  1.225302E+12  0.000000E+00  5.808390E+11  6.434858E+11  9.769081E+08  0.000000E+00
3.338351E+03  1.967332E+12  1.177543E+12  0.000000E+00  5.574282E+11  6.192380E+11  8.765323E+08  0.000000E+00
3.456375E+03  1.886254E+12  1.129991E+12  0.000000E+00  5.342203E+11  5.949861E+11  7.847434E+08  0.000000E+00
3.574398E+03  1.809623E+12  1.084944E+12  0.000000E+00  5.123290E+11  5.719095E+11  7.050626E+08  0.000000E+00
3.698042E+03  1.733826E+12  1.040284E+12  0.000000E+00  4.907186E+11  5.489328E+11  6.328287E+08  0.000000E+00
3.832927E+03  1.655924E+12  9.942786E+11  0.000000E+00  4.685517E+11  5.251619E+11  5.650347E+08  0.000000E+00
3.967811E+03  1.582661E+12  9.509140E+11  0.000000E+00  4.477461E+11  5.026609E+11  5.069992E+08  0.000000E+00
4.102695E+03  1.513707E+12  9.100110E+11  0.000000E+00  4.282010E+11  4.813528E+11  4.572211E+08  0.000000E+00
4.248820E+03  1.443521E+12  8.682868E+11  0.000000E+00  4.083430E+11  4.595326E+11  4.111515E+08  0.000000E+00
4.394944E+03  1.377689E+12  8.290669E+11  0.000000E+00  3.897505E+11  4.389445E+11  3.719458E+08  0.000000E+00
4.552309E+03  1.311296E+12  7.894301E+11  0.000000E+00  3.710327E+11  4.180613E+11  3.361214E+08  0.000000E+00
4.709674E+03  1.249221E+12  7.522943E+11  0.000000E+00  3.535617E+11  3.984267E+11  3.058074E+08  0.000000E+00
4.878280E+03  1.187129E+12  7.150737E+11  0.000000E+00  3.361145E+11  3.786808E+11  2.783694E+08  0.000000E+00
5.046885E+03  1.129248E+12  6.803090E+11  0.000000E+00  3.198755E+11  3.601784E+11  2.552198E+08  0.000000E+00
5.226731E+03  1.071772E+12  6.457231E+11  0.000000E+00  3.037738E+11  3.417149E+11  2.343873E+08  0.000000E+00
5.406576E+03  1.018339E+12  6.135118E+11  0.000000E+00  2.888250E+11  3.244700E+11  2.168035E+08  0.000000E+00
5.597663E+03  9.656257E+11  5.816794E+11  0.000000E+00  2.740959E+11  3.073825E+11  2.010063E+08  0.000000E+00
5.788749E+03  9.167409E+11  5.521109E+11  0.000000E+00  2.604519E+11  2.914714E+11  1.876173E+08  0.000000E+00
5.991075E+03  8.687925E+11  5.230647E+11  0.000000E+00  2.470826E+11  2.758065E+11  1.755577E+08  0.000000E+00
6.204642E+03  8.220571E+11  4.947122E+11  0.000000E+00  2.340629E+11  2.604847E+11  1.647278E+08  0.000000E+00
6.418209E+03  7.789421E+11  4.685216E+11  0.000000E+00  2.220603E+11  2.463059E+11  1.554629E+08  0.000000E+00
6.643016E+03  7.371067E+11  4.430784E+11  0.000000E+00  2.104202E+11  2.325111E+11  1.470650E+08  0.000000E+00
6.867823E+03  6.985722E+11  4.196184E+11  0.000000E+00  1.997024E+11  2.197762E+11  1.397848E+08  0.000000E+00
7.103870E+03  6.613330E+11  3.969271E+11  0.000000E+00  1.893467E+11  2.074473E+11  1.331116E+08  0.000000E+00
7.351158E+03  6.255701E+11  3.751192E+11  0.000000E+00  1.794011E+11  1.955912E+11  1.269947E+08  0.000000E+00
7.620927E+03  5.898875E+11  3.533482E+11  0.000000E+00  1.694752E+11  1.837519E+11  1.211251E+08  0.000000E+00
7.890695E+03  5.573194E+11  3.334701E+11  0.000000E+00  1.604109E+11  1.729432E+11  1.159348E+08  0.000000E+00
8.160464E+03  5.275367E+11  3.152892E+11  0.000000E+00  1.521156E+11  1.630622E+11  1.112986E+08  0.000000E+00
8.452713E+03  4.980789E+11  2.973076E+11  0.000000E+00  1.439024E+11  1.532983E+11  1.067909E+08  0.000000E+00
8.744962E+03  4.712236E+11  2.809192E+11  0.000000E+00  1.364052E+11  1.444113E+11  1.027278E+08  0.000000E+00
9.059692E+03  4.448863E+11  2.648553E+11  0.000000E+00  1.290409E+11  1.357156E+11  9.876692E+07  0.000000E+00
9.374422E+03  4.209247E+11  2.502514E+11  0.000000E+00  1.223283E+11  1.278279E+11  9.516811E+07  0.000000E+00
9.711633E+03  3.975796E+11  2.360375E+11  0.000000E+00  1.157743E+11  1.201715E+11  9.165227E+07  0.000000E+00
1.004884E+04  3.763594E+11  2.231334E+11  0.000000E+00  1.098022E+11  1.132428E+11  8.843666E+07  0.000000E+00
1.040854E+04  3.557835E+11  2.106399E+11  0.000000E+00  1.039957E+11  1.065588E+11  8.529037E+07  0.000000E+00
1.076823E+04  3.370752E+11  1.992998E+11  0.000000E+00  9.870058E+10  1.005168E+11  8.239691E+07  0.000000E+00
1.115040E+04  3.189904E+11  1.883588E+11  0.000000E+00  9.356556E+10  9.471365E+10  7.956257E+07  0.000000E+00
1.153257E+04  3.025235E+11  1.784177E+11  0.000000E+00  8.887411E+10  8.946665E+10  7.694362E+07  0.000000E+00
1.193722E+04  2.866291E+11  1.688441E+11  0.000000E+00  8.432973E+10  8.443997E+10  7.437557E+07  0.000000E+00
1.234188E+04  2.721206E+11  1.601262E+11  0.000000E+00  8.016645E+10  7.988779E+10  7.199246E+07  0.000000E+00
1.276901E+04  2.581182E+11  1.517336E+11  0.000000E+00  7.613353E+10  7.553038E+10  6.965327E+07  0.000000E+00
1.321862E+04  2.446481E+11  1.436811E+11  0.000000E+00  7.223913E+10  7.137457E+10  6.736320E+07  0.000000E+00
1.366824E+04  2.323120E+11  1.363258E+11  0.000000E+00  6.865913E+10  6.760145E+10  6.522895E+07  0.000000E+00
1.414033E+04  2.204219E+11  1.292548E+11  0.000000E+00  6.519592E+10  6.399575E+10  6.313625E+07  0.000000E+00
1.465739E+04  2.085060E+11  1.221873E+11  0.000000E+00  6.171218E+10  6.041411E+10  6.100130E+07  0.000000E+00
1.519693E+04  1.971166E+11  1.154495E+11  0.000000E+00  5.837047E+10  5.702012E+10  5.892476E+07  0.000000E+00
1.573646E+04  1.866518E+11  1.092734E+11  0.000000E+00  5.528989E+10  5.392654E+10  5.698482E+07  0.000000E+00
1.627600E+04  1.769928E+11  1.035849E+11  0.000000E+00  5.243818E+10  5.109157E+10  5.516646E+07  0.000000E+00
1.686050E+04  1.673240E+11  9.790155E+10  0.000000E+00  4.957600E+10  4.827224E+10  5.331909E+07  0.000000E+00
1.744500E+04  1.583811E+11  9.265377E+10  0.000000E+00  4.692243E+10  4.567975E+10  5.158591E+07  0.000000E+00
1.807446E+04  1.494638E+11  8.742850E+10  0.000000E+00  4.427102E+10  4.310765E+10  4.983392E+07  0.000000E+00
1.870392E+04  1.411998E+11  8.259185E+10  0.000000E+00  4.180963E+10  4.073403E+10  4.818883E+07  0.000000E+00
1.937834E+04  1.329874E+11  7.778990E+10  0.000000E+00  3.936019E+10  3.838318E+10  4.653312E+07  0.000000E+00
2.005276E+04  1.253661E+11  7.333671E+10  0.000000E+00  3.708460E+10  3.620713E+10  4.497739E+07  0.000000E+00
2.077214E+04  1.178187E+11  6.892871E+10  0.000000E+00  3.482928E+10  3.405602E+10  4.341772E+07  0.000000E+00
2.149153E+04  1.108109E+11  6.483685E+10  0.000000E+00  3.273407E+10  3.206082E+10  4.195158E+07  0.000000E+00
2.225587E+04  1.038975E+11  6.080047E+10  0.000000E+00  3.066656E+10  3.009342E+10  4.048697E+07  0.000000E+00
2.302021E+04  9.748094E+10  5.705378E+10  0.000000E+00  2.874749E+10  2.826719E+10  3.910986E+07  0.000000E+00
2.382952E+04  9.117829E+10  5.337282E+10  0.000000E+00  2.686272E+10  2.647236E+10  3.773874E+07  0.000000E+00
2.463883E+04  8.533609E+10  4.995966E+10  0.000000E+00  2.511613E+10  2.480708E+10  3.644940E+07  0.000000E+00
2.549309E+04  7.962506E+10  4.662178E+10  0.000000E+00  2.340946E+10  2.317716E+10  3.516958E+07  0.000000E+00
2.639232E+04  7.407527E+10  4.337659E+10  0.000000E+00  2.175185E+10  2.159084E+10  3.390472E+07  0.000000E+00
2.729155E+04  6.895825E+10  4.038292E+10  0.000000E+00  2.022444E+10  2.012576E+10  3.271711E+07  0.000000E+00
2.823574E+04  6.401091E+10  3.748697E+10  0.000000E+00  1.874870E+10  1.870672E+10  3.154613E+07  0.000000E+00
2.922489E+04  5.926314E+10  3.470628E+10  0.000000E+00  1.733358E+10  1.734231E+10  3.039725E+07  0.000000E+00
3.021404E+04  5.491327E+10  3.215727E+10  0.000000E+00  1.603807E+10  1.608988E+10  2.931973E+07  0.000000E+00
3.129312E+04  5.057999E+10  2.961666E+10  0.000000E+00  1.474858E+10  1.483986E+10  2.821842E+07  0.000000E+00
3.237219E+04  4.663733E+10  2.730392E+10  0.000000E+00  1.357634E+10  1.370040E+10  2.718776E+07  0.000000E+00
3.354119E+04  4.276472E+10  2.503124E+10  0.000000E+00  1.242594E+10  1.257915E+10  2.614382E+07  0.000000E+00
3.471019E+04  3.926613E+10  2.297722E+10  0.000000E+00  1.138760E+10  1.156445E+10  2.516862E+07  0.000000E+00
3.596911E+04  3.587392E+10  2.098495E+10  0.000000E+00  1.038175E+10  1.057901E+10  2.418824E+07  0.000000E+00
3.722803E+04  3.283038E+10  1.919694E+10  0.000000E+00  9.480135E+09  9.693536E+09  2.327363E+07  0.000000E+00
3.857687E+04  2.991408E+10  1.748332E+10  0.000000E+00  8.617026E+09  8.843932E+09  2.235983E+07  0.000000E+00
3.992571E+04  2.731446E+10  1.595556E+10  0.000000E+00  7.848381E+09  8.085670E+09  2.150802E+07  0.000000E+00
4.136448E+04  2.484992E+10  1.450710E+10  0.000000E+00  7.120389E+09  7.366048E+09  2.066125E+07  0.000000E+00
4.280324E+04  2.266588E+10  1.322352E+10  0.000000E+00  6.475898E+09  6.727748E+09  1.987221E+07  0.000000E+00
4.433193E+04  2.061470E+10  1.201815E+10  0.000000E+00  5.871240E+09  6.127821E+09  1.909098E+07  0.000000E+00
4.586062E+04  1.880614E+10  1.095556E+10  0.000000E+00  5.338676E+09  5.598522E+09  1.836294E+07  0.000000E+00
4.747923E+04  1.712118E+10  9.965865E+09  0.000000E+00  4.843072E+09  5.105149E+09  1.764438E+07  0.000000E+00
4.909784E+04  1.564151E+10  9.097049E+09  0.000000E+00  4.408369E+09  4.671706E+09  1.697439E+07  0.000000E+00
5.080638E+04  1.427194E+10  8.293230E+09  0.000000E+00  4.006529E+09  4.270386E+09  1.631469E+07  0.000000E+00
5.260483E+04  1.301371E+10  7.555140E+09  0.000000E+00  3.637886E+09  3.901587E+09  1.566776E+07  0.000000E+00
5.440329E+04  1.191650E+10  6.911873E+09  0.000000E+00  3.316916E+09  3.579892E+09  1.506465E+07  0.000000E+00
5.629167E+04  1.091211E+10  6.323406E+09  0.000000E+00  3.023608E+09  3.285325E+09  1.447381E+07  0.000000E+00
5.826997E+04  9.999909E+09  5.789325E+09  0.000000E+00  2.757744E+09  3.017683E+09  1.389745E+07  0.000000E+00
6.024827E+04  9.206774E+09  5.325291E+09  0.000000E+00  2.527083E+09  2.784848E+09  1.335961E+07  0.000000E+00
6.240642E+04  8.455362E+09  4.885994E+09  0.000000E+00  2.309091E+09  2.564091E+09  1.281214E+07  0.000000E+00
6.456457E+04  7.803742E+09  4.505327E+09  0.000000E+00  2.120579E+09  2.372446E+09  1.230144E+07  0.000000E+00
6.690257E+04  7.191784E+09  4.148091E+09  0.000000E+00  1.944102E+09  2.192204E+09  1.178534E+07  0.000000E+00
6.924056E+04  6.661249E+09  3.838602E+09  0.000000E+00  1.791656E+09  2.035642E+09  1.130387E+07  0.000000E+00
7.175840E+04  6.165361E+09  3.549505E+09  0.000000E+00  1.649742E+09  1.888943E+09  1.082002E+07  0.000000E+00
7.427624E+04  5.734313E+09  3.298341E+09  0.000000E+00  1.526942E+09  1.761031E+09  1.036836E+07  0.000000E+00
7.679408E+04  5.357008E+09  3.078581E+09  0.000000E+00  1.419973E+09  1.648663E+09  9.945594E+06  0.000000E+00
7.949176E+04  5.002254E+09  2.872012E+09  0.000000E+00  1.319928E+09  1.542562E+09  9.521457E+06  0.000000E+00
8.218945E+04  4.690077E+09  2.690258E+09  0.000000E+00  1.232395E+09  1.448738E+09  9.124189E+06  0.000000E+00
8.506698E+04  4.396042E+09  2.519065E+09  0.000000E+00  1.150455E+09  1.359883E+09  8.727121E+06  0.000000E+00
8.812436E+04  4.120188E+09  2.358430E+09  0.000000E+00  1.074095E+09  1.276003E+09  8.332443E+06  0.000000E+00
9.118174E+04  3.875592E+09  2.215952E+09  0.000000E+00  1.006859E+09  1.201130E+09  7.963053E+06  0.000000E+00
9.441896E+04  3.644919E+09  2.081528E+09  0.000000E+00  9.439048E+08  1.130026E+09  7.596827E+06  0.000000E+00
9.765618E+04  3.438582E+09  1.961221E+09  0.000000E+00  8.880012E+08  1.065966E+09  7.253800E+06  0.000000E+00
1.010732E+05  3.242909E+09  1.847065E+09  0.000000E+00  8.353708E+08  1.004779E+09  6.914552E+06  0.000000E+00
1.046702E+05  3.057592E+09  1.738880E+09  0.000000E+00  7.858906E+08  9.464092E+08  6.580475E+06  0.000000E+00
1.082671E+05  2.890170E+09  1.641080E+09  0.000000E+00  7.415057E+08  8.933066E+08  6.267892E+06  0.000000E+00
1.120438E+05  2.730728E+09  1.547886E+09  0.000000E+00  6.995223E+08  8.424026E+08  5.960766E+06  0.000000E+00
1.161803E+05  2.572686E+09  1.455458E+09  0.000000E+00  6.581878E+08  7.916234E+08  5.647311E+06  0.000000E+00
1.201369E+05  2.435248E+09  1.375047E+09  0.000000E+00  6.224636E+08  7.472156E+08  5.367737E+06  0.000000E+00
1.244532E+05  2.298392E+09  1.294954E+09  0.000000E+00  5.870880E+08  7.027830E+08  5.083222E+06  0.000000E+00
1.287695E+05  2.173377E+09  1.221783E+09  0.000000E+00  5.549373E+08  6.620275E+08  4.818265E+06  0.000000E+00
1.334455E+05  2.049562E+09  1.149320E+09  0.000000E+00  5.232401E+08  6.215287E+08  4.551399E+06  0.000000E+00
1.381215E+05  1.936313E+09  1.083061E+09  0.000000E+00  4.943642E+08  5.843932E+08  4.303720E+06  0.000000E+00
1.427975E+05  1.832353E+09  1.022268E+09  0.000000E+00  4.679453E+08  5.502493E+08  4.073592E+06  0.000000E+00
1.478331E+05  1.729575E+09  9.622116E+08  0.000000E+00  4.419004E+08  5.164674E+08  3.843722E+06  0.000000E+00
1.528688E+05  1.635243E+09  9.071454E+08  0.000000E+00  4.180516E+08  4.854629E+08  3.630893E+06  0.000000E+00
1.582642E+05  1.542499E+09  8.530738E+08  0.000000E+00  3.946473E+08  4.550063E+08  3.420121E+06  0.000000E+00
1.636596E+05  1.457429E+09  8.035526E+08  0.000000E+00  3.732102E+08  4.271167E+08  3.225638E+06  0.000000E+00
1.694146E+05  1.374230E+09  7.552070E+08  0.000000E+00  3.522653E+08  3.999071E+08  3.034527E+06  0.000000E+00
1.751697E+05  1.297988E+09  7.109953E+08  0.000000E+00  3.330837E+08  3.750529E+08  2.858748E+06  0.000000E+00
1.812844E+05  1.223789E+09  6.680687E+08  0.000000E+00  3.144213E+08  3.509602E+08  2.687218E+06  0.000000E+00
1.877589E+05  1.152050E+09  6.266766E+08  0.000000E+00  2.963771E+08  3.277784E+08  2.521066E+06  0.000000E+00
1.942333E+05  1.086569E+09  5.890074E+08  0.000000E+00  2.799022E+08  3.067359E+08  2.369258E+06  0.000000E+00
2.010675E+05  1.023497E+09  5.528411E+08  0.000000E+00  2.640247E+08  2.865934E+08  2.223005E+06  0.000000E+00
2.079016E+05  9.659577E+08  5.199633E+08  0.000000E+00  2.495294E+08  2.683443E+08  2.089656E+06  0.000000E+00
2.150954E+05  9.107080E+08  4.885123E+08  0.000000E+00  2.355981E+08  2.509525E+08  1.961772E+06  0.000000E+00
2.226489E+05  8.579093E+08  4.585799E+08  0.000000E+00  2.222704E+08  2.344697E+08  1.839801E+06  0.000000E+00
2.302025E+05  8.098924E+08  4.314777E+08  0.000000E+00  2.101351E+08  2.196135E+08  1.729170E+06  0.000000E+00
2.381157E+05  7.641201E+08  4.057610E+08  0.000000E+00  1.985519E+08  2.055851E+08  1.624055E+06  0.000000E+00
2.467483E+05  7.187896E+08  3.804180E+08  0.000000E+00  1.870643E+08  1.918333E+08  1.520372E+06  0.000000E+00
2.553809E+05  6.776835E+08  3.575562E+08  0.000000E+00  1.766318E+08  1.794976E+08  1.426790E+06  0.000000E+00
2.647328E+05  6.373243E+08  3.352313E+08  0.000000E+00  1.663731E+08  1.675227E+08  1.335399E+06  0.000000E+00
2.740848E+05  6.007598E+08  3.151186E+08  0.000000E+00  1.570646E+08  1.568009E+08  1.253091E+06  0.000000E+00
2.834368E+05  5.675113E+08  2.969306E+08  0.000000E+00  1.485876E+08  1.471643E+08  1.178716E+06  0.000000E+00
2.935081E+05  5.349454E+08  2.792149E+08  0.000000E+00  1.402725E+08  1.378360E+08  1.106355E+06  0.000000E+00
3.035795E+05  5.053154E+08  2.631858E+08  0.000000E+00  1.326964E+08  1.294484E+08  1.040982E+06  0.000000E+00
3.143702E+05  4.764077E+08  2.476329E+08  0.000000E+00  1.252952E+08  1.213600E+08  9.776680E+05  0.000000E+00
3.251610E+05  4.500615E+08  2.335334E+08  0.000000E+00  1.185416E+08  1.140714E+08  9.203936E+05  0.000000E+00
3.366711E+05  4.244174E+08  2.198793E+08  0.000000E+00  1.119608E+08  1.070535E+08  8.650595E+05  0.000000E+00
3.481812E+05  4.009881E+08  2.074640E+08  0.000000E+00  1.059425E+08  1.007066E+08  8.148718E+05  0.000000E+00
3.604107E+05  3.782114E+08  1.954477E+08  0.000000E+00  1.000872E+08  9.459411E+07  7.664215E+05  0.000000E+00
3.726403E+05  3.573432E+08  1.844822E+08  0.000000E+00  9.471902E+07  8.904088E+07  7.223205E+05  0.000000E+00
3.855891E+05  3.370694E+08  1.738666E+08  0.000000E+00  8.950131E+07  8.368559E+07  6.797297E+05  0.000000E+00
3.992574E+05  3.174527E+08  1.636271E+08  0.000000E+00  8.445115E+07  7.853725E+07  6.387404E+05  0.000000E+00
4.129257E+05  2.994461E+08  1.542524E+08  0.000000E+00  7.981485E+07  7.383626E+07  6.012857E+05  0.000000E+00
4.273133E+05  2.820245E+08  1.452009E+08  0.000000E+00  7.532931E+07  6.930642E+07  5.651783E+05  0.000000E+00
4.424204E+05  2.652273E+08  1.364876E+08  0.000000E+00  7.100536E+07  6.495177E+07  5.304582E+05  0.000000E+00
4.575274E+05  2.497964E+08  1.284916E+08  0.000000E+00  6.703445E+07  6.095850E+07  4.986146E+05  0.000000E+00
4.733538E+05  2.349436E+08  1.207996E+08  0.000000E+00  6.321410E+07  5.711748E+07  4.679813E+05  0.000000E+00
4.906190E+05  2.200811E+08  1.131037E+08  0.000000E+00  5.939359E+07  5.327277E+07  4.373129E+05  0.000000E+00
5.078842E+05  2.064674E+08  1.060524E+08  0.000000E+00  5.589660E+07  4.974667E+07  4.091769E+05  0.000000E+00
5.251494E+05  1.939714E+08  9.957607E+07  0.000000E+00  5.268924E+07  4.650354E+07  3.832856E+05  0.000000E+00
5.438534E+05  1.815661E+08  9.314054E+07  0.000000E+00  4.950790E+07  4.327515E+07  3.574923E+05  0.000000E+00
5.625573E+05  1.702196E+08  8.724695E+07  0.000000E+00  4.660076E+07  4.031239E+07  3.337957E+05  0.000000E+00
5.827000E+05  1.590640E+08  8.144393E+07  0.000000E+00  4.374533E+07  3.738823E+07  3.103743E+05  0.000000E+00
6.028428E+05  1.489010E+08  7.614821E+07  0.000000E+00  4.114655E+07  3.471276E+07  2.889058E+05  0.000000E+00
6.244242E+05  1.390014E+08  7.098008E+07  0.000000E+00  3.861767E+07  3.209456E+07  2.678498E+05  0.000000E+00
6.460057E+05  1.300216E+08  6.628274E+07  0.000000E+00  3.632609E+07  2.970805E+07  2.486059E+05  0.000000E+00
6.690260E+05  1.213526E+08  6.173833E+07  0.000000E+00  3.411595E+07  2.739250E+07  2.298759E+05  0.000000E+00
6.920462E+05  1.135254E+08  5.762620E+07  0.000000E+00  3.212229E+07  2.529109E+07  2.128172E+05  0.000000E+00
7.165052E+05  1.060338E+08  5.368162E+07  0.000000E+00  3.021579E+07  2.326949E+07  1.963401E+05  0.000000E+00
7.409643E+05  9.930173E+07  5.012899E+07  0.000000E+00  2.850392E+07  2.144367E+07  1.813915E+05  0.000000E+00
7.668620E+05  9.291129E+07  4.674906E+07  0.000000E+00  2.688003E+07  1.970198E+07  1.670605E+05  0.000000E+00
7.941986E+05  8.689679E+07  4.356076E+07  0.000000E+00  2.535251E+07  1.805482E+07  1.534314E+05  0.000000E+00
8.215351E+05  8.154672E+07  4.071841E+07  0.000000E+00  2.399427E+07  1.658297E+07  1.411784E+05  0.000000E+00
8.503104E+05  7.654816E+07  3.805720E+07  0.000000E+00  2.272549E+07  1.520211E+07  1.296067E+05  0.000000E+00
8.790857E+05  7.212150E+07  3.569576E+07  0.000000E+00  2.160180E+07  1.397471E+07  1.192477E+05  0.000000E+00
9.092998E+05  6.801476E+07  3.350091E+07  0.000000E+00  2.055896E+07  1.283242E+07  1.095332E+05  0.000000E+00
9.409527E+05  6.424057E+07  3.148031E+07  0.000000E+00  1.959987E+07  1.177993E+07  1.005059E+05  0.000000E+00
9.754830E+05  6.064571E+07  2.955278E+07  0.000000E+00  1.868528E+07  1.077569E+07  9.181215E+04  0.000000E+00
1.010013E+06  5.752134E+07  2.787541E+07  0.000000E+00  1.788903E+07  9.902203E+06  8.417369E+04  0.000000E+00
1.044544E+06  5.480152E+07  2.641390E+07  0.000000E+00  1.719431E+07  9.142140E+06  7.745685E+04  0.000000E+00
1.081952E+06  5.224623E+07  2.504010E+07  0.000000E+00  1.653966E+07  8.429355E+06  7.108583E+04  0.000000E+00
1.119360E+06  5.003832E+07  2.385299E+07  0.000000E+00  1.597184E+07  7.815620E+06  6.553230E+04  0.000000E+00
1.159645E+06  4.798975E+07  2.275211E+07  0.000000E+00  1.544246E+07  7.249318E+06  6.033974E+04  0.000000E+00
1.199930E+06  4.622947E+07  2.180726E+07  0.000000E+00  1.498485E+07  6.766558E+06  5.584965E+04  0.000000E+00
1.243093E+06  4.461161E+07  2.094054E+07  0.000000E+00  1.456121E+07  6.327622E+06  5.170435E+04  0.000000E+00
1.286256E+06  4.322550E+07  2.020010E+07  0.000000E+00  1.419510E+07  5.956853E+06  4.814503E+04  0.000000E+00
1.332297E+06  4.195888E+07  1.952610E+07  0.000000E+00  1.385709E+07  5.624109E+06  4.489456E+04  0.000000E+00
1.378337E+06  4.087314E+07  1.895125E+07  0.000000E+00  1.356388E+07  5.345248E+06  4.211943E+04  0.000000E+00
1.427255E+06  3.988231E+07  1.842994E+07  0.000000E+00  1.329262E+07  5.097705E+06  3.960719E+04  0.000000E+00
1.476173E+06  3.902885E+07  1.798430E+07  0.000000E+00  1.305536E+07  4.891475E+06  3.747056E+04  0.000000E+00
1.527969E+06  3.824702E+07  1.757971E+07  0.000000E+00  1.283429E+07  4.709876E+06  3.554820E+04  0.000000E+00
1.579765E+06  3.756694E+07  1.723139E+07  0.000000E+00  1.263844E+07  4.559036E+06  3.391546E+04  0.000000E+00
1.634438E+06  3.693819E+07  1.691302E+07  0.000000E+00  1.245382E+07  4.426755E+06  3.245073E+04  0.000000E+00
1.691988E+06  3.635571E+07  1.662185E+07  0.000000E+00  1.227924E+07  4.311472E+06  3.114394E+04  0.000000E+00
1.749539E+06  3.583826E+07  1.636668E+07  0.000000E+00  1.212091E+07  4.215737E+06  3.003341E+04  0.000000E+00
1.809967E+06  3.535059E+07  1.612951E+07  0.000000E+00  1.196864E+07  4.131831E+06  2.903843E+04  0.000000E+00
1.876150E+06  3.486901E+07  1.589873E+07  0.000000E+00  1.181517E+07  4.055445E+06  2.811299E+04  0.000000E+00
1.945211E+06  3.441118E+07  1.568244E+07  0.000000E+00  1.166643E+07  3.988723E+06  2.728922E+04  0.000000E+00
2.014272E+06  3.398889E+07  1.548557E+07  0.000000E+00  1.152689E+07  3.932102E+06  2.657972E+04  0.000000E+00
2.083333E+06  3.359443E+07  1.530376E+07  0.000000E+00  1.139464E+07  3.883164E+06  2.596038E+04  0.000000E+00
2.158148E+06  3.319173E+07  1.512002E+07  0.000000E+00  1.125795E+07  3.836706E+06  2.536950E+04  0.000000E+00
2.232964E+06  3.280926E+07  1.494699E+07  0.000000E+00  1.112677E+07  3.795376E+06  2.484406E+04  0.000000E+00
2.313535E+06  3.241522E+07  1.476995E+07  0.000000E+00  1.099049E+07  3.755126E+06  2.433526E+04  0.000000E+00
2.394106E+06  3.203597E+07  1.460048E+07  0.000000E+00  1.085846E+07  3.718144E+06  2.387265E+04  0.000000E+00
2.480432E+06  3.164284E+07  1.442550E+07  0.000000E+00  1.072091E+07  3.681175E+06  2.341685E+04  0.000000E+00
2.566758E+06  3.126092E+07  1.425600E+07  0.000000E+00  1.058679E+07  3.646217E+06  2.299326E+04  0.000000E+00
2.658839E+06  3.086382E+07  1.408009E+07  0.000000E+00  1.044698E+07  3.610542E+06  2.256921E+04  0.000000E+00
2.750920E+06  3.047578E+07  1.390838E+07  0.000000E+00  1.031013E+07  3.576086E+06  2.216782E+04  0.000000E+00
2.848756E+06  3.007209E+07  1.372982E+07  0.000000E+00  1.016761E+07  3.540458E+06  2.176114E+04  0.000000E+00
2.946592E+06  2.967629E+07  1.355476E+07  0.000000E+00  1.002780E+07  3.505585E+06  2.137099E+04  0.000000E+00
3.050183E+06  2.926499E+07  1.337276E+07  0.000000E+00  9.882504E+06  3.469288E+06  2.097273E+04  0.000000E+00
3.153774E+06  2.886107E+07  1.319393E+07  0.000000E+00  9.739845E+06  3.433497E+06  2.058731E+04  0.000000E+00
3.263120E+06  2.844219E+07  1.300832E+07  0.000000E+00  9.591970E+06  3.396162E+06  2.019243E+04  0.000000E+00
3.378222E+06  2.800914E+07  1.281625E+07  0.000000E+00  9.439181E+06  3.357278E+06  1.978839E+04  0.000000E+00
3.493323E+06  2.758377E+07  1.262738E+07  0.000000E+00  9.289219E+06  3.318768E+06  1.939502E+04  0.000000E+00
3.614179E+06  2.714510E+07  1.243239E+07  0.000000E+00  9.134697E+06  3.278697E+06  1.899244E+04  0.000000E+00
3.740791E+06  2.669417E+07  1.223169E+07  0.000000E+00  8.976008E+06  3.237102E+06  1.858152E+04  0.000000E+00
3.867402E+06  2.625163E+07  1.203449E+07  0.000000E+00  8.820431E+06  3.195876E+06  1.818079E+04  0.000000E+00
4.005523E+06  2.577815E+07  1.182322E+07  0.000000E+00  8.654155E+06  3.151313E+06  1.775462E+04  0.000000E+00
4.143645E+06  2.531412E+07  1.161589E+07  0.000000E+00  8.491380E+06  3.107175E+06  1.733939E+04  0.000000E+00
4.293277E+06  2.482181E+07  1.139562E+07  0.000000E+00  8.318888E+06  3.059835E+06  1.690138E+04  0.000000E+00
4.442908E+06  2.434003E+07  1.117976E+07  0.000000E+00  8.150296E+06  3.012991E+06  1.647522E+04  0.000000E+00
4.604050E+06  2.383268E+07  1.095211E+07  0.000000E+00  7.972982E+06  2.963103E+06  1.602904E+04  0.000000E+00
4.765192E+06  2.333694E+07  1.072935E+07  0.000000E+00  7.799957E+06  2.913797E+06  1.559566E+04  0.000000E+00
4.937844E+06  2.281837E+07  1.049597E+07  0.000000E+00  7.619206E+06  2.861620E+06  1.514505E+04  0.000000E+00
5.110495E+06  2.231247E+07  1.026795E+07  0.000000E+00  7.443117E+06  2.810120E+06  1.470816E+04  0.000000E+00
5.294657E+06  2.178645E+07  1.003048E+07  0.000000E+00  7.260286E+06  2.755938E+06  1.425675E+04  0.000000E+00
5.478819E+06  2.127410E+07  9.798824E+06  0.000000E+00  7.082467E+06  2.702536E+06  1.381992E+04  0.000000E+00
5.674492E+06  2.074430E+07  9.558894E+06  0.000000E+00  6.898867E+06  2.646655E+06  1.337120E+04  0.000000E+00
5.870164E+06  2.022911E+07  9.325199E+06  0.000000E+00  6.720600E+06  2.591661E+06  1.293779E+04  0.000000E+00
6.077346E+06  1.969907E+07  9.084377E+06  0.000000E+00  6.537480E+06  2.534402E+06  1.249498E+04  0.000000E+00
6.284528E+06  1.918448E+07  8.850186E+06  0.000000E+00  6.359978E+06  2.478140E+06  1.206810E+04  0.000000E+00
6.503220E+06  1.865756E+07  8.609982E+06  0.000000E+00  6.178514E+06  2.419834E+06  1.163414E+04  0.000000E+00
6.733423E+06  1.812040E+07  8.364682E+06  0.000000E+00  5.993829E+06  2.359658E+06  1.119507E+04  0.000000E+00
6.963625E+06  1.760059E+07  8.126896E+06  0.000000E+00  5.815415E+06  2.300707E+06  1.077343E+04  0.000000E+00
7.205338E+06  1.707287E+07  7.885065E+06  0.000000E+00  5.634594E+06  2.240122E+06  1.034870E+04  0.000000E+00
7.458561E+06  1.653957E+07  7.640222E+06  0.000000E+00  5.452187E+06  2.178112E+06  9.922995E+03  0.000000E+00
7.711784E+06  1.602526E+07  7.403673E+06  0.000000E+00  5.276595E+06  2.117562E+06  9.515819E+03  0.000000E+00
7.988027E+06  1.548499E+07  7.154721E+06  0.000000E+00  5.092477E+06  2.053152E+06  9.091696E+03  0.000000E+00
8.264270E+06  1.496560E+07  6.914939E+06  0.000000E+00  4.915813E+06  1.990438E+06  8.687521E+03  0.000000E+00
8.563533E+06  1.442558E+07  6.665142E+06  0.000000E+00  4.732485E+06  1.924386E+06  8.271048E+03  0.000000E+00
8.862796E+06  1.390814E+07  6.425322E+06  0.000000E+00  4.557175E+06  1.860271E+06  7.875673E+03  0.000000E+00
9.185080E+06  1.337509E+07  6.177767E+06  0.000000E+00  4.376943E+06  1.793352E+06  7.472211E+03  0.000000E+00
9.507363E+06  1.286602E+07  5.940869E+06  0.000000E+00  4.205179E+06  1.728599E+06  7.090626E+03  0.000000E+00
9.829647E+06  1.237986E+07  5.714180E+06  0.000000E+00  4.041481E+06  1.665969E+06  6.729689E+03  0.000000E+00
9.983884E+06  1.215499E+07  5.609173E+06  0.000000E+00  3.965877E+06  1.636732E+06  6.563906E+03  0.000000E+00
