# Heating rates from Oleg Korobkin (WinNet+Decay Network)
# 1st block is thermalization parameters, 2nd block is heating rates

# 1st line is thermalization option for columns 4-8 in the heating rates
# 2nd line is thermalization parameter (use depends on option in 1st line)
           1             1             0             1             1
1.200000E-11  1.300000E-11  1.000000E+00  1.300000E-11  2.000000E-12

# 340
# 1:time[s], 2:total nuclear heating rate[erg/(g*s)] 3:total radiation[erg/g*s]
# 4:alpha 5:beta 6:gamma 7:electrons 8:fission products
1.500977E+01  1.301056E+15  3.631627E+14  1.314556E+09  5.657587E+13  2.495012E+13  3.759302E+11  2.812595E+14
1.556896E+01  1.229926E+15  3.413254E+14  1.428413E+09  5.471507E+13  2.435129E+13  3.702676E+11  2.618873E+14
1.612814E+01  1.166023E+15  3.214577E+14  1.546516E+09  5.296569E+13  2.379819E+13  3.649187E+11  2.443274E+14
1.673034E+01  1.104151E+15  3.019995E+14  1.678398E+09  5.119025E+13  2.324525E+13  3.594726E+11  2.272029E+14
1.733254E+01  1.048473E+15  2.843094E+14  1.815090E+09  4.951381E+13  2.272967E+13  3.543173E+11  2.117098E+14
1.797776E+01  9.947088E+14  2.670778E+14  1.966815E+09  4.781500E+13  2.221248E+13  3.490811E+11  1.966993E+14
1.862297E+01  9.461733E+14  2.514115E+14  2.123923E+09  4.620640E+13  2.172661E+13  3.441087E+11  1.831322E+14
1.931120E+01  8.993375E+14  2.362141E+14  2.297356E+09  4.458027E+13  2.123827E+13  3.390623E+11  1.700542E+14
1.999943E+01  8.568745E+14  2.223895E+14  2.476744E+09  4.303841E+13  2.077701E+13  3.342515E+11  1.582374E+14
2.073067E+01  8.158684E+14  2.090218E+14  2.673770E+09  4.148470E+13  2.031314E+13  3.293683E+11  1.468919E+14
2.146191E+01  7.785082E+14  1.968516E+14  2.877315E+09  4.001122E+13  1.987337E+13  3.246934E+11  1.366395E+14
2.223617E+01  7.423743E+14  1.851144E+14  3.099821E+09  3.853195E+13  1.943132E+13  3.199447E+11  1.268281E+14
2.305344E+01  7.075305E+14  1.738534E+14  3.342349E+09  3.705423E+13  1.898851E+13  3.151312E+11  1.174922E+14
2.387072E+01  6.756154E+14  1.636129E+14  3.592598E+09  3.565647E+13  1.856787E+13  3.104993E+11  1.090745E+14
2.473100E+01  6.447646E+14  1.538048E+14  3.864195E+09  3.426555E+13  1.814695E+13  3.057983E+11  1.010826E+14
2.563430E+01  6.150064E+14  1.444514E+14  4.158209E+09  3.288777E+13  1.772705E+13  3.010345E+11  9.353139E+13
2.653760E+01  5.876279E+14  1.359607E+14  4.461170E+09  3.158974E+13  1.732810E+13  2.964307E+11  8.674198E+13
2.748392E+01  5.611776E+14  1.278809E+14  4.787932E+09  3.030947E+13  1.693077E+13  2.917621E+11  8.034411E+13
2.851626E+01  5.345800E+14  1.198942E+14  5.154927E+09  2.899807E+13  1.651915E+13  2.868302E+11  7.408503E+13
2.954860E+01  5.100553E+14  1.126682E+14  5.532607E+09  2.776917E+13  1.612850E+13  2.820512E+11  6.848294E+13
3.066697E+01  4.855470E+14  1.055935E+14  5.953458E+09  2.652397E+13  1.572698E+13  2.770314E+11  6.305959E+13
3.178535E+01  4.629325E+14  9.920717E+13  6.386089E+09  2.536145E+13  1.534619E+13  2.721621E+11  5.822098E+13
3.298975E+01  4.404523E+14  9.300361E+13  6.864721E+09  2.419458E+13  1.495736E+13  2.670736E+11  5.357772E+13
3.419415E+01  4.196975E+14  8.741235E+13  7.356067E+09  2.310878E+13  1.458875E+13  2.621346E+11  4.944533E+13
3.548458E+01  3.991613E+14  8.201522E+13  7.896062E+09  2.202779E+13  1.421435E+13  2.569977E+11  4.550819E+13
3.677500E+01  3.801937E+14  7.715457E+13  8.449494E+09  2.102472E+13  1.385942E+13  2.520111E+11  4.200998E+13
3.815146E+01  3.615031E+14  7.248524E+13  9.053966E+09  2.003304E+13  1.350046E+13  2.468479E+11  3.869583E+13
3.952792E+01  3.442355E+14  6.827983E+13  9.672343E+09  1.911492E+13  1.316008E+13  2.418370E+11  3.575332E+13
4.099041E+01  3.272832E+14  6.425390E+13  1.034382E+10  1.821258E+13  1.281703E+13  2.366712E+11  3.297728E+13
4.245289E+01  3.116191E+14  6.062488E+13  1.102939E+10  1.737858E+13  1.249154E+13  2.316606E+11  3.051207E+13
4.400141E+01  2.962925E+14  5.715861E+13  1.176973E+10  1.656292E+13  1.216445E+13  2.265166E+11  2.819295E+13
4.563595E+01  2.813870E+14  5.386442E+13  1.256631E+10  1.576992E+13  1.183715E+13  2.212593E+11  2.602353E+13
4.727049E+01  2.676482E+14  5.089537E+13  1.337738E+10  1.504002E+13  1.152681E+13  2.161728E+11  2.409899E+13
4.899107E+01  2.543107E+14  4.807463E+13  1.424563E+10  1.433279E+13  1.121689E+13  2.109951E+11  2.229970E+13
5.079767E+01  2.414188E+14  4.540455E+13  1.517203E+10  1.365064E+13  1.090840E+13  2.057444E+11  2.062459E+13
5.267976E+01  2.290875E+14  4.290165E+13  1.615196E+10  1.299961E+13  1.060413E+13  2.004706E+11  1.908128E+13
5.472338E+01  2.168225E+14  4.045966E+13  1.723129E+10  1.235353E+13  1.029170E+13  1.949597E+11  1.760225E+13
5.676699E+01  2.055936E+14  3.826364E+13  1.832468E+10  1.176326E+13  9.996236E+12  1.896614E+11  1.629617E+13
5.881061E+01  1.952899E+14  3.628069E+13  1.943042E+10  1.122259E+13  9.716356E+12  1.845667E+11  1.513776E+13
6.102453E+01  1.850601E+14  3.434125E+13  2.064036E+10  1.068661E+13  9.429313E+12  1.792670E+11  1.402543E+13
6.323845E+01  1.756968E+14  3.259071E+13  2.186090E+10  1.019659E+13  9.157744E+12  1.741856E+11  1.304033E+13
6.562267E+01  1.664765E+14  3.088910E+13  2.318504E+10  9.714414E+12  8.881205E+12  1.689464E+11  1.210135E+13
6.800689E+01  1.580538E+14  2.935337E+13  2.451708E+10  9.274085E+12  8.619875E+12  1.639375E+11  1.127096E+13
7.056141E+01  1.498161E+14  2.786820E+13  2.595067E+10  8.843354E+12  8.355418E+12  1.588139E+11  1.048466E+13
7.311593E+01  1.423016E+14  2.652771E+13  2.738852E+10  8.450184E+12  8.105778E+12  1.539294E+11  9.790434E+12
7.584075E+01  1.349928E+14  2.523698E+13  2.892437E+10  8.067353E+12  7.854539E+12  1.489692E+11  9.137191E+12
7.856557E+01  1.283310E+14  2.407180E+13  3.045994E+10  7.717861E+12  7.617617E+12  1.442533E+11  8.561608E+12
8.146070E+01  1.218799E+14  2.295402E+13  3.208854E+10  7.378753E+12  7.380336E+12  1.394957E+11  8.023344E+12
8.452612E+01  1.156714E+14  2.188841E+13  3.380677E+10  7.051588E+12  7.144034E+12  1.347262E+11  7.524258E+12
8.759155E+01  1.100266E+14  2.092869E+13  3.551584E+10  6.753290E+12  6.921856E+12  1.302161E+11  7.087812E+12
9.082727E+01  1.046063E+14  2.001588E+13  3.730703E+10  6.465956E+12  6.701413E+12  1.257195E+11  6.685480E+12
9.423330E+01  9.942525E+13  1.915201E+13  3.917527E+10  6.190347E+12  6.483704E+12  1.212607E+11  6.317520E+12
9.763933E+01  9.471623E+13  1.837485E+13  4.102295E+10  5.938916E+12  6.279480E+12  1.170651E+11  5.998367E+12
1.012157E+02  9.021797E+13  1.764032E+13  4.293794E+10  5.697804E+12  6.078368E+12  1.129243E+11  5.708281E+12
1.049623E+02  8.594176E+13  1.695000E+13  4.491304E+10  5.467631E+12  5.881306E+12  1.088617E+11  5.447288E+12
1.090495E+02  8.171074E+13  1.627525E+13  4.702897E+10  5.238887E+12  5.680514E+12  1.047209E+11  5.204095E+12
1.131368E+02  7.787419E+13  1.567127E+13  4.910153E+10  5.030513E+12  5.493207E+12  1.008610E+11  4.997585E+12
1.172240E+02  7.438142E+13  1.512858E+13  5.112810E+10  4.839936E+12  5.318175E+12  9.726008E+10  4.822080E+12
1.216518E+02  7.093599E+13  1.460059E+13  5.326912E+10  4.651039E+12  5.141163E+12  9.362826E+10  4.661486E+12
1.260797E+02  6.779794E+13  1.412660E+13  5.535128E+10  4.478126E+12  4.976081E+12  9.025377E+10  4.526790E+12
1.308481E+02  6.471807E+13  1.366834E+13  5.752566E+10  4.307520E+12  4.810406E+12  8.688328E+10  4.406000E+12
1.356165E+02  6.190950E+13  1.325685E+13  5.962783E+10  4.151065E+12  4.656124E+12  8.376272E+10  4.306265E+12
1.407256E+02  5.916289E+13  1.286072E+13  6.179856E+10  3.997146E+12  4.502268E+12  8.067199E+10  4.218831E+12
1.458346E+02  5.665381E+13  1.250454E+13  6.388383E+10  3.855632E+12  4.359137E+12  7.781917E+10  4.148063E+12
1.512843E+02  5.420633E+13  1.216252E+13  6.601331E+10  3.716638E+12  4.217148E+12  7.501398E+10  4.087707E+12
1.570745E+02  5.183222E+13  1.183597E+13  6.816850E+10  3.580772E+12  4.077192E+12  7.227663E+10  4.037562E+12
1.628648E+02  4.966208E+13  1.154197E+13  7.021347E+10  3.455546E+12  3.947364E+12  6.976506E+10  3.999082E+12
1.689956E+02  4.755891E+13  1.126104E+13  7.225965E+10  3.333100E+12  3.819835E+12  6.732686E+10  3.968517E+12
1.751265E+02  4.563155E+13  1.100687E+13  7.418495E+10  3.219815E+12  3.701512E+12  6.509281E+10  3.946262E+12
1.815979E+02  4.376479E+13  1.076340E+13  7.608842E+10  3.108974E+12  3.585605E+12  6.293289E+10  3.929802E+12
1.884100E+02  4.196347E+13  1.053065E+13  7.795234E+10  3.000838E+12  3.472568E+12  6.085567E+10  3.918431E+12
1.955626E+02  4.023092E+13  1.030831E+13  7.975936E+10  2.895598E+12  3.362760E+12  5.886723E+10  3.911328E+12
2.027153E+02  3.864238E+13  1.010526E+13  8.141645E+10  2.797912E+12  3.261159E+12  5.705477E+10  3.907719E+12
2.102085E+02  3.711521E+13  9.910161E+12  8.299597E+10  2.702801E+12  3.162667E+12  5.532411E+10  3.906373E+12
2.183830E+02  3.558745E+13  9.714346E+12  8.454677E+10  2.606388E+12  3.063372E+12  5.360582E+10  3.906433E+12
2.265575E+02  3.418661E+13  9.533459E+12  8.592586E+10  2.516785E+12  2.971677E+12  5.204297E+10  3.907029E+12
2.354132E+02  3.279476E+13  9.351568E+12  8.723586E+10  2.426542E+12  2.879980E+12  5.050302E+10  3.907307E+12
2.442688E+02  3.151783E+13  9.181886E+12  8.836491E+10  2.342628E+12  2.795365E+12  4.910187E+10  3.906425E+12
2.531245E+02  3.034198E+13  9.022381E+12  8.932358E+10  2.264375E+12  2.717064E+12  4.782153E+10  3.903797E+12
2.626614E+02  2.917526E+13  8.860096E+12  9.017739E+10  2.185779E+12  2.639039E+12  4.656016E+10  3.898540E+12
2.721983E+02  2.809955E+13  8.706023E+12  9.085827E+10  2.112480E+12  2.566846E+12  4.540460E+10  3.890434E+12
2.824163E+02  2.703590E+13  8.548527E+12  9.140975E+10  2.039230E+12  2.495264E+12  4.426808E+10  3.878356E+12
2.933156E+02  2.599039E+13  8.387725E+12  9.181081E+10  1.966518E+12  2.424759E+12  4.315569E+10  3.861481E+12
3.042149E+02  2.502555E+13  8.233109E+12  9.203486E+10  1.898843E+12  2.359621E+12  4.213197E+10  3.840479E+12
3.157954E+02  2.407791E+13  8.074501E+12  9.209647E+10  1.831902E+12  2.295632E+12  4.112767E+10  3.813743E+12
3.273759E+02  2.320045E+13  7.920836E+12  9.199356E+10  1.769573E+12  2.236426E+12  4.019723E+10  3.782646E+12
3.396376E+02  2.233857E+13  7.762739E+12  9.172352E+10  1.708113E+12  2.178372E+12  3.928123E+10  3.745249E+12
3.525805E+02  2.149472E+13  7.600316E+12  9.127833E+10  1.647799E+12  2.121690E+12  3.838073E+10  3.701167E+12
3.655234E+02  2.071042E+13  7.441930E+12  9.068791E+10  1.591711E+12  2.069204E+12  3.753890E+10  3.652787E+12
3.791475E+02  1.994148E+13  7.279128E+12  8.992921E+10  1.536787E+12  2.017987E+12  3.670749E+10  3.597718E+12
3.934528E+02  1.918927E+13  7.112154E+12  8.900159E+10  1.483212E+12  1.968167E+12  3.588682E+10  3.535886E+12
4.084394E+02  1.845524E+13  6.941342E+12  8.790613E+10  1.431177E+12  1.919874E+12  3.507743E+10  3.467307E+12
4.234259E+02  1.777006E+13  6.774537E+12  8.670476E+10  1.382910E+12  1.875127E+12  3.431298E+10  3.395482E+12
4.397748E+02  1.707132E+13  6.596927E+12  8.529647E+10  1.334067E+12  1.829859E+12  3.352343E+10  3.314182E+12
4.561238E+02  1.641783E+13  6.423764E+12  8.380650E+10  1.288803E+12  1.787884E+12  3.277484E+10  3.230495E+12
4.738351E+02  1.575538E+13  6.241116E+12  8.212144E+10  1.243393E+12  1.745712E+12  3.200493E+10  3.137885E+12
4.915464E+02  1.513523E+13  6.063567E+12  8.038233E+10  1.201368E+12  1.706591E+12  3.127325E+10  3.043953E+12
5.106202E+02  1.450976E+13  5.878032E+12  7.846905E+10  1.159502E+12  1.667490E+12  3.052379E+10  2.942048E+12
5.296940E+02  1.392386E+13  5.698349E+12  7.653205E+10  1.120789E+12  1.631180E+12  2.981054E+10  2.840038E+12
5.501301E+02  1.333569E+13  5.512290E+12  7.444824E+10  1.082441E+12  1.595025E+12  2.908300E+10  2.731293E+12
5.705663E+02  1.278461E+13  5.332864E+12  7.237150E+10  1.046993E+12  1.561396E+12  2.839027E+10  2.623712E+12
5.923649E+02  1.223389E+13  5.148710E+12  7.017906E+10  1.012040E+12  1.527997E+12  2.768672E+10  2.510807E+12
6.141635E+02  1.171805E+13  4.971921E+12  6.802292E+10  9.797273E+11  1.496864E+12  2.701699E+10  2.400290E+12
6.373244E+02  1.120483E+13  4.792010E+12  6.578340E+10  9.479794E+11  1.465989E+12  2.633980E+10  2.285918E+12
6.604854E+02  1.072447E+13  4.620087E+12  6.360626E+10  9.186137E+11  1.437133E+12  2.569566E+10  2.175038E+12
6.850088E+02  1.024866E+13  4.446532E+12  6.137707E+10  8.898408E+11  1.408534E+12  2.504723E+10  2.061733E+12
7.108946E+02  9.779972E+12  4.272507E+12  5.911546E+10  8.617805E+11  1.380282E+12  2.439779E+10  1.946931E+12
7.367805E+02  9.342861E+12  4.107570E+12  5.695235E+10  8.358372E+11  1.353795E+12  2.378196E+10  1.837203E+12
7.640287E+02  8.914019E+12  3.943378E+12  5.478466E+10  8.105668E+11  1.327605E+12  2.316763E+10  1.727254E+12
7.938496E+02  8.478393E+12  3.774284E+12  5.254216E+10  7.850448E+11  1.300708E+12  2.253255E+10  1.613456E+12
8.234357E+02  8.078463E+12  3.617071E+12  5.045269E+10  7.617074E+11  1.275660E+12  2.193881E+10  1.507313E+12
8.543081E+02  7.691850E+12  3.463424E+12  4.841093E+10  7.391886E+11  1.251032E+12  2.135452E+10  1.403437E+12
8.851805E+02  7.333856E+12  3.319766E+12  4.650625E+10  7.183324E+11  1.227775E+12  2.080368E+10  1.306349E+12
9.160529E+02  7.002008E+12  3.185482E+12  4.473326E+10  6.989565E+11  1.205738E+12  2.028395E+10  1.215770E+12
9.494980E+02  6.669437E+12  3.049893E+12  4.295406E+10  6.794537E+11  1.183098E+12  1.975351E+10  1.124635E+12
9.829431E+02  6.362395E+12  2.923875E+12  4.131391E+10  6.613291E+11  1.161603E+12  1.925449E+10  1.040374E+12
1.018961E+03  6.057662E+12  2.798069E+12  3.969317E+10  6.431800E+11  1.139603E+12  1.874957E+10  9.568427E+11
1.054979E+03  5.777315E+12  2.681736E+12  3.821273E+10  6.262935E+11  1.118670E+12  1.827571E+10  8.802843E+11
1.093569E+03  5.501391E+12  2.566736E+12  3.677001E+10  6.094442E+11  1.097304E+12  1.779968E+10  8.054180E+11
1.132160E+03  5.248289E+12  2.460853E+12  3.546309E+10  5.937372E+11  1.076928E+12  1.735373E+10  7.373703E+11
1.173323E+03  5.000929E+12  2.357045E+12  3.420490E+10  5.780996E+11  1.056176E+12  1.690836E+10  6.716563E+11
1.214486E+03  4.774531E+12  2.261785E+12  3.307317E+10  5.634854E+11  1.036341E+12  1.649157E+10  6.123942E+11
1.258222E+03  4.554534E+12  2.169018E+12  3.199464E+10  5.489529E+11  1.016175E+12  1.607723E+10  5.558176E+11
1.301958E+03  4.353465E+12  2.084078E+12  3.102964E+10  5.353315E+11  9.968615E+11  1.568959E+10  5.051656E+11
1.348267E+03  4.158951E+12  2.001780E+12  3.011699E+10  5.217912E+11  9.772563E+11  1.530551E+10  4.573101E+11
1.397148E+03  3.971852E+12  1.922509E+12  2.926013E+10  5.083735E+11  9.574217E+11  1.492669E+10  4.125268E+11
1.446029E+03  3.801331E+12  1.850166E+12  2.849811E+10  4.957543E+11  9.383945E+11  1.457250E+10  3.729461E+11
1.497483E+03  3.637658E+12  1.780633E+12  2.778409E+10  4.832384E+11  9.191648E+11  1.422361E+10  3.362222E+11
1.551510E+03  3.481198E+12  1.714062E+12  2.711729E+10  4.708510E+11  8.997835E+11  1.388098E+10  3.024289E+11
1.608109E+03  3.332247E+12  1.650566E+12  2.649608E+10  4.586171E+11  8.803037E+11  1.354553E+10  2.716033E+11
1.664709E+03  3.196752E+12  1.592672E+12  2.594112E+10  4.470639E+11  8.616046E+11  1.323162E+10  2.448310E+11
1.726454E+03  3.062129E+12  1.534988E+12  2.539705E+10  4.351426E+11  8.420147E+11  1.291073E+10  2.195234E+11
1.788198E+03  2.939522E+12  1.482267E+12  2.490535E+10  4.238585E+11  8.232061E+11  1.260988E+10  1.976873E+11
1.855089E+03  2.818478E+12  1.429993E+12  2.442030E+10  4.122778E+11  8.036460E+11  1.230405E+10  1.773453E+11
1.921979E+03  2.708080E+12  1.382069E+12  2.397474E+10  4.012982E+11  7.848731E+11  1.201678E+10  1.599061E+11
1.988869E+03  2.606931E+12  1.337901E+12  2.356034E+10  3.908601E+11  7.668319E+11  1.174601E+10  1.449024E+11
2.060905E+03  2.506994E+12  1.293966E+12  2.314129E+10  3.801666E+11  7.481651E+11  1.147084E+10  1.310221E+11
2.132940E+03  2.415174E+12  1.253290E+12  2.274406E+10  3.699883E+11  7.302360E+11  1.121086E+10  1.191108E+11
2.210121E+03  2.324621E+12  1.212834E+12  2.233688E+10  3.596021E+11  7.117900E+11  1.094734E+10  1.081574E+11
2.287302E+03  2.241112E+12  1.175179E+12  2.194406E+10  3.497056E+11  6.940825E+11  1.069769E+10  9.874941E+10
2.369629E+03  2.158790E+12  1.137692E+12  2.153681E+10  3.396419E+11  6.759552E+11  1.044507E+10  9.011329E+10
2.451955E+03  2.082551E+12  1.102613E+12  2.113859E+10  3.300442E+11  6.585630E+11  1.020510E+10  8.266238E+10
2.539427E+03  2.007364E+12  1.067645E+12  2.072281E+10  3.203149E+11  6.408373E+11  9.962555E+09  7.580727E+10
2.632044E+03  1.933462E+12  1.032885E+12  2.028879E+10  3.104968E+11  6.228606E+11  9.718293E+09  6.952070E+10
2.724662E+03  1.864701E+12  1.000175E+12  1.985977E+10  3.011363E+11  6.056458E+11  9.485653E+09  6.404755E+10
2.822424E+03  1.797013E+12  9.676125E+11  1.941141E+10  2.917136E+11  5.882475E+11  9.251469E+09  5.898846E+10
2.920187E+03  1.733755E+12  9.368456E+11  1.896718E+10  2.827255E+11  5.715924E+11  9.027881E+09  5.453263E+10
3.023095E+03  1.671400E+12  9.061948E+11  1.850389E+10  2.736990E+11  5.548120E+11  8.802928E+09  5.037689E+10
3.131148E+03  1.610073E+12  8.757338E+11  1.802232E+10  2.646659E+11  5.379685E+11  8.577193E+09  4.649979E+10
3.249493E+03  1.547287E+12  8.442216E+11  1.750111E+10  2.552634E+11  5.203847E+11  8.341332E+09  4.273102E+10
3.362691E+03  1.491004E+12  8.157004E+11  1.700912E+10  2.467099E+11  5.043458E+11  8.125790E+09  3.950976E+10
3.486181E+03  1.433333E+12  7.862175E+11  1.648033E+10  2.378307E+11  4.876543E+11  7.900864E+09  3.635130E+10
3.609671E+03  1.379154E+12  7.582906E+11  1.596049E+10  2.293894E+11  4.717471E+11  7.685746E+09  3.350776E+10
3.743451E+03  1.324000E+12  7.296432E+11  1.540821E+10  2.207031E+11  4.553386E+11  7.462899E+09  3.073043E+10
3.877232E+03  1.272166E+12  7.025304E+11  1.486797E+10  2.124594E+11  4.397284E+11  7.249853E+09  2.822475E+10
4.021303E+03  1.219695E+12  6.749086E+11  1.430035E+10  2.040408E+11  4.237474E+11  7.030559E+09  2.578949E+10
4.165374E+03  1.170369E+12  6.487928E+11  1.374807E+10  1.960644E+11  4.085668E+11  6.821024E+09  2.359259E+10
4.319736E+03  1.120683E+12  6.223510E+11  1.317389E+10  1.879733E+11  3.931265E+11  6.606584E+09  2.147065E+10
4.474098E+03  1.073973E+12  5.973785E+11  1.261829E+10  1.803194E+11  3.784788E+11  6.401841E+09  1.956018E+10
4.638751E+03  1.027132E+12  5.722351E+11  1.204641E+10  1.726022E+11  3.636650E+11  6.193416E+09  1.772812E+10
4.803404E+03  9.831035E+11  5.485162E+11  1.149611E+10  1.653135E+11  3.496278E+11  5.994612E+09  1.608418E+10
4.978348E+03  9.391354E+11  5.247556E+11  1.093503E+10  1.580049E+11  3.355025E+11  5.793244E+09  1.451988E+10
5.153291E+03  8.978201E+11  5.023666E+11  1.039809E+10  1.511132E+11  3.221319E+11  5.601401E+09  1.312205E+10
5.338526E+03  8.567226E+11  4.800414E+11  9.855536E+09  1.442378E+11  3.087377E+11  5.408013E+09  1.180238E+10
5.534051E+03  8.160502E+11  4.578979E+11  9.311261E+09  1.374170E+11  2.953883E+11  5.214075E+09  1.056719E+10
5.729576E+03  7.779279E+11  4.371013E+11  8.795453E+09  1.310119E+11  2.827896E+11  5.029963E+09  9.474455E+09
5.935392E+03  7.403262E+11  4.165517E+11  8.282331E+09  1.246855E+11  2.702787E+11  4.846119E+09  8.459025E+09
6.151499E+03  7.034041E+11  3.963390E+11  7.775337E+09  1.184679E+11  2.579096E+11  4.663395E+09  7.522763E+09
6.377897E+03  6.673219E+11  3.765532E+11  7.277981E+09  1.123891E+11  2.457368E+11  4.482665E+09  6.666746E+09
6.604295E+03  6.336870E+11  3.580799E+11  6.813793E+09  1.067229E+11  2.343095E+11  4.312224E+09  5.921518E+09
6.851274E+03  5.995121E+11  3.392801E+11  6.342782E+09  1.009687E+11  2.226161E+11  4.137088E+09  5.215471E+09
7.098253E+03  5.677443E+11  3.217759E+11  5.906654E+09  9.562480E+10  2.116669E+11  3.972469E+09  4.605090E+09
7.365814E+03  5.358119E+11  3.041509E+11  5.471142E+09  9.026066E+10  2.005782E+11  3.805178E+09  4.035691E+09
7.633375E+03  5.062392E+11  2.877989E+11  5.071553E+09  8.530187E+10  1.902296E+11  3.648562E+09  3.547298E+09
7.900936E+03  4.788224E+11  2.726109E+11  4.705381E+09  8.071429E+10  1.805620E+11  3.501850E+09  3.127383E+09
8.189078E+03  4.514990E+11  2.574446E+11  4.345652E+09  7.615359E+10  1.708515E+11  3.354116E+09  2.739732E+09
8.477221E+03  4.262605E+11  2.434057E+11  4.019016E+09  7.195270E+10  1.618094E+11  3.216226E+09  2.408386E+09
8.785945E+03  4.013257E+11  2.295042E+11  3.702691E+09  6.781521E+10  1.528022E+11  3.078554E+09  2.105577E+09
9.094669E+03  3.783735E+11  2.166769E+11  3.418109E+09  6.401953E+10  1.444410E+11  2.950465E+09  1.847802E+09
9.423975E+03  3.558739E+11  2.040700E+11  3.146261E+09  6.031205E+10  1.361741E+11  2.823518E+09  1.614003E+09
9.773862E+03  3.339972E+11  1.917775E+11  2.889710E+09  5.672124E+10  1.280639E+11  2.698642E+09  1.404011E+09
1.012375E+04  3.140067E+11  1.805118E+11  2.662911E+09  5.345322E+10  1.205859E+11  2.583148E+09  1.226537E+09
1.049422E+04  2.946903E+11  1.695923E+11  2.451582E+09  5.030826E+10  1.132947E+11  2.470136E+09  1.067631E+09
1.086469E+04  2.770847E+11  1.596082E+11  2.266468E+09  4.745353E+10  1.065893E+11  2.365769E+09  9.331659E+08
1.125574E+04  2.601652E+11  1.499820E+11  2.096062E+09  4.472102E+10  1.000879E+11  2.264071E+09  8.129006E+08
1.166737E+04  2.440068E+11  1.407576E+11  1.940894E+09  4.212167E+10  9.382359E+10  2.165481E+09  7.059317E+08
1.207900E+04  2.293594E+11  1.323673E+11  1.807256E+09  3.977404E+10  8.809590E+10  2.074680E+09  6.153809E+08
1.251122E+04  2.154265E+11  1.243594E+11  1.686896E+09  3.754834E+10  8.260256E+10  1.986847E+09  5.347180E+08
1.296401E+04  2.022705E+11  1.167719E+11  1.579939E+09  3.545300E+10  7.737318E+10  1.902356E+09  4.633939E+08
1.345797E+04  1.893647E+11  1.093035E+11  1.481658E+09  3.340245E+10  7.220388E+10  1.817792E+09  3.977689E+08
1.395193E+04  1.777860E+11  1.025814E+11  1.399476E+09  3.156594E+10  6.753324E+10  1.740265E+09  3.424945E+08
1.444589E+04  1.673723E+11  9.651783E+10  1.330701E+09  2.991562E+10  6.330687E+10  1.668965E+09  2.956721E+08
1.498101E+04  1.572430E+11  9.060390E+10  1.268713E+09  2.831026E+10  5.917423E+10  1.597940E+09  2.527651E+08
1.551613E+04  1.481622E+11  8.528947E+10  1.217425E+09  2.686949E+10  5.545339E+10  1.532631E+09  2.165444E+08
1.609242E+04  1.394042E+11  8.015367E+10  1.171912E+09  2.547677E+10  5.185338E+10  1.467934E+09  1.836766E+08
1.666870E+04  1.315677E+11  7.555104E+10  1.134530E+09  2.422618E+10  4.862588E+10  1.408391E+09  1.560526E+08
1.728615E+04  1.240573E+11  7.113536E+10  1.101673E+09  2.302181E+10  4.553102E+10  1.349628E+09  1.312395E+08
1.790360E+04  1.173406E+11  6.718437E+10  1.074709E+09  2.193796E+10  4.276575E+10  1.295456E+09  1.105045E+08
1.856221E+04  1.109309E+11  6.341447E+10  1.051029E+09  2.089574E+10  4.013349E+10  1.242129E+09  9.208110E+07
1.922082E+04  1.051934E+11  6.004255E+10  1.031422E+09  1.995444E+10  3.778703E+10  1.192861E+09  7.679472E+07
1.992059E+04  9.973119E+10  5.683694E+10  1.014017E+09  1.904907E+10  3.556604E+10  1.144442E+09  6.337003E+07
2.066153E+04  9.455861E+10  5.380781E+10  9.985046E+08  1.818158E+10  3.347892E+10  1.097070E+09  5.173812E+07
2.140247E+04  8.992432E+10  5.110149E+10  9.852375E+08  1.739434E+10  3.162641E+10  1.053241E+09  4.226384E+07
2.218457E+04  8.553201E+10  4.854518E+10  9.730331E+08  1.663795E+10  2.988966E+10  1.010380E+09  3.415478E+07
2.300784E+04  8.138199E+10  4.613959E+10  9.616442E+08  1.591270E+10  2.826933E+10  9.686137E+08  2.730584E+07
2.383110E+04  7.764655E+10  4.398400E+10  9.513329E+08  1.524997E+10  2.683096E+10  9.299003E+08  2.183898E+07
2.468579E+04  7.414396E+10  4.197243E+10  9.414426E+08  1.461903E+10  2.550204E+10  8.925940E+08  1.732742E+07
2.557190E+04  7.085774E+10  4.009461E+10  9.318083E+08  1.401794E+10  2.427454E+10  8.566873E+08  1.363887E+07
2.650723E+04  6.771398E+10  3.830748E+10  9.221171E+08  1.343407E+10  2.311918E+10  8.215175E+08  1.059891E+07
2.749180E+04  6.471267E+10  3.661024E+10  9.122856E+08  1.286818E+10  2.203444E+10  7.872097E+08  8.132859E+06
2.847637E+04  6.198133E+10  3.507338E+10  9.027198E+08  1.234575E+10  2.106327E+10  7.553965E+08  6.245082E+06
2.955939E+04  5.924380E+10  3.354027E+10  8.924171E+08  1.181492E+10  2.010527E+10  7.229903E+08  4.675930E+06
3.064241E+04  5.674955E+10  3.214943E+10  8.822887E+08  1.132491E+10  1.924566E+10  6.930584E+08  3.511484E+06
3.182389E+04  5.426069E+10  3.076662E+10  8.713943E+08  1.083024E+10  1.839953E+10  6.628800E+08  2.573745E+06
3.300537E+04  5.198030E+10  2.950334E+10  8.606400E+08  1.037224E+10  1.763355E+10  6.350215E+08  1.890718E+06
3.418685E+04  4.988015E+10  2.834232E+10  8.500164E+08  9.946682E+09  1.693498E+10  6.092501E+08  1.392906E+06
3.546678E+04  4.778175E+10  2.718381E+10  8.386528E+08  9.518222E+09  1.624248E+10  5.834519E+08  1.004391E+06
3.674672E+04  4.584396E+10  2.611458E+10  8.274430E+08  9.120002E+09  1.560677E+10  5.596420E+08  7.280385E+05
3.812511E+04  4.391436E+10  2.504972E+10  8.155485E+08  8.721391E+09  1.497626E+10  5.360006E+08  5.186072E+05
3.950350E+04  4.212832E+10  2.406327E+10  8.038450E+08  8.350930E+09  1.439390E+10  5.142260E+08  3.729261E+05
4.098035E+04  4.035534E+10  2.308265E+10  7.915246E+08  7.982077E+09  1.381602E+10  4.927565E+08  2.653254E+05
4.245720E+04  3.871145E+10  2.217168E+10  7.794370E+08  7.639401E+09  1.327963E+10  4.730159E+08  1.918334E+05
4.403251E+04  3.708456E+10  2.126803E+10  7.668057E+08  7.299902E+09  1.274752E+10  4.536672E+08  1.385941E+05
4.560781E+04  3.557446E+10  2.042705E+10  7.544482E+08  6.984688E+09  1.225192E+10  4.358986E+08  1.026063E+05
4.728158E+04  3.408459E+10  1.959498E+10  7.416203E+08  6.673831E+09  1.176088E+10  4.185673E+08  7.674501E+04
4.905379E+04  3.262253E+10  1.877595E+10  7.283766E+08  6.369108E+09  1.127664E+10  4.017673E+08  5.834999E+04
5.082601E+04  3.126713E+10  1.801435E+10  7.154791E+08  6.087075E+09  1.082536E+10  3.863865E+08  4.586113E+04
5.269669E+04  2.994047E+10  1.726665E+10  7.022363E+08  5.811599E+09  1.038126E+10  3.715182E+08  3.673893E+04
5.466582E+04  2.864789E+10  1.653599E+10  6.887017E+08  5.543871E+09  9.946178E+09  3.572112E+08  2.998430E+04
5.663495E+04  2.745123E+10  1.585768E+10  6.755742E+08  5.296708E+09  9.541249E+09  3.441226E+08  2.507894E+04
5.870254E+04  2.628771E+10  1.519647E+10  6.622180E+08  5.057117E+09  9.145580E+09  3.315366E+08  2.120231E+04
6.087043E+04  2.516047E+10  1.455440E+10  6.486749E+08  4.825760E+09  8.760476E+09  3.194686E+08  1.805894E+04
6.306161E+04  2.410718E+10  1.395324E+10  6.354478E+08  4.610309E+09  8.399179E+09  3.082938E+08  1.552087E+04
6.538168E+04  2.307678E+10  1.336416E+10  6.219318E+08  4.400263E+09  8.044508E+09  2.974454E+08  1.332380E+04
6.783065E+04  2.207411E+10  1.279016E+10  6.081915E+08  4.196595E+09  7.698406E+09  2.869545E+08  1.140343E+04
7.027961E+04  2.114971E+10  1.226044E+10  5.949714E+08  4.009480E+09  7.378655E+09  2.773253E+08  9.793752E+03
7.285747E+04  2.025239E+10  1.174594E+10  5.815950E+08  3.828462E+09  7.067872E+09  2.680012E+08  8.363031E+03
7.556422E+04  1.938501E+10  1.124850E+10  5.681202E+08  3.654065E+09  6.767311E+09  2.589924E+08  7.095547E+03
7.827097E+04  1.858668E+10  1.079074E+10  5.552088E+08  3.494061E+09  6.490776E+09  2.506870E+08  6.026846E+03
8.110661E+04  1.781667E+10  1.034947E+10  5.422614E+08  3.340190E+09  6.224373E+09  2.426455E+08  5.084190E+03
8.420004E+04  1.704460E+10  9.907451E+09  5.287702E+08  3.186333E+09  5.957810E+09  2.345331E+08  4.224557E+03
8.735714E+04  1.632166E+10  9.494116E+09  5.156484E+08  3.042637E+09  5.708955E+09  2.268725E+08  3.497692E+03
9.064156E+04  1.563139E+10  9.100131E+09  5.026542E+08  2.905745E+09  5.472247E+09  2.194807E+08  2.874404E+03
9.392599E+04  1.499695E+10  8.738735E+09  4.902918E+08  2.780170E+09  5.255668E+09  2.126026E+08  2.362319E+03
9.748412E+04  1.436546E+10  8.379840E+09  4.775714E+08  2.655382E+09  5.041225E+09  2.056591E+08  1.910040E+03
1.010422E+05  1.378540E+10  8.051014E+09  4.655088E+08  2.540911E+09  4.845414E+09  1.991795E+08  1.544378E+03
1.048741E+05  1.321154E+10  7.726598E+09  4.532086E+08  2.427778E+09  4.652953E+09  1.926580E+08  1.228484E+03
1.087059E+05  1.268429E+10  7.429392E+09  4.415788E+08  2.323905E+09  4.477352E+09  1.865551E+08  9.772085E+02
1.128114E+05  1.216499E+10  7.137552E+09  4.298130E+08  2.221645E+09  4.305666E+09  1.804277E+08  7.647285E+02
1.169170E+05  1.168739E+10  6.869955E+09  4.187171E+08  2.127609E+09  4.148949E+09  1.746795E+08  5.984499E+02
1.212962E+05  1.121848E+10  6.608015E+09  4.075678E+08  2.035277E+09  3.996248E+09  1.689214E+08  4.607337E+02
1.256889E+05  1.078521E+10  6.366681E+09  3.970436E+08  1.949940E+09  3.856205E+09  1.634925E+08  3.543817E+02
1.303400E+05  1.036224E+10  6.131731E+09  3.865676E+08  1.866599E+09  3.720479E+09  1.580858E+08  2.684036E+02
1.352495E+05  9.951032E+09  5.903893E+09  3.761966E+08  1.785531E+09  3.589442E+09  1.527229E+08  2.001709E+02
1.401590E+05  9.571778E+09  5.694232E+09  3.664747E+08  1.710722E+09  3.469355E+09  1.476799E+08  1.492843E+02
1.453269E+05  9.203053E+09  5.490774E+09  3.568846E+08  1.637951E+09  3.353253E+09  1.426854E+08  1.096285E+02
1.507532E+05  8.845639E+09  5.293852E+09  3.474651E+08  1.567378E+09  3.241252E+09  1.377563E+08  7.927366E+01
1.564378E+05  8.500286E+09  5.103773E+09  3.382531E+08  1.499164E+09  3.133446E+09  1.329101E+08  5.649878E+01
1.622440E+05  8.174461E+09  4.924535E+09  3.294687E+08  1.434797E+09  3.032005E+09  1.282638E+08  3.998125E+01
1.680502E+05  7.872706E+09  4.758534E+09  3.212561E+08  1.375193E+09  2.938187E+09  1.238973E+08  2.829284E+01
1.742193E+05  7.575501E+09  4.594941E+09  3.130976E+08  1.316512E+09  2.845793E+09  1.195383E+08  1.959363E+01
1.807513E+05  7.284157E+09  4.434386E+09  3.050341E+08  1.259033E+09  2.755108E+09  1.152110E+08  1.327927E+01
1.872832E+05  7.014144E+09  4.285326E+09  2.975024E+08  1.205826E+09  2.670843E+09  1.111547E+08  9.000035E+00
1.943621E+05  6.743019E+09  4.135295E+09  2.898807E+08  1.152487E+09  2.585887E+09  1.070396E+08  5.910086E+00
2.014462E+05  6.491678E+09  3.995793E+09  2.827584E+08  1.103148E+09  2.506697E+09  1.031896E+08  3.887316E+00
2.091207E+05  6.239207E+09  3.855162E+09  2.755440E+08  1.053720E+09  2.426607E+09  9.929130E+07  2.469394E+00
2.167951E+05  6.005084E+09  3.724209E+09  2.687931E+08  1.008033E+09  2.351732E+09  9.565142E+07  1.568937E+00
2.250599E+05  5.771202E+09  3.592774E+09  2.619815E+08  9.625679E+08  2.276231E+09  9.199416E+07  9.629408E-01
2.335178E+05  5.549357E+09  3.467443E+09  2.554472E+08  9.196366E+08  2.203851E+09  8.850839E+07  5.851468E-01
2.423238E+05  5.335064E+09  3.345682E+09  2.490557E+08  8.783775E+08  2.133121E+09  8.512862E+07  3.488033E-01
2.511297E+05  5.135921E+09  3.231843E+09  2.430335E+08  8.402497E+08  2.066581E+09  8.197909E+07  2.082388E-01
2.606131E+05  4.936564E+09  3.117147E+09  2.369115E+08  8.023174E+08  1.999098E+09  7.882024E+07  1.198276E-01
2.700965E+05  4.751192E+09  3.009774E+09  2.311211E+08  7.672856E+08  1.935487E+09  7.587985E+07  6.929991E-02
2.802572E+05  4.566420E+09  2.901993E+09  2.252406E+08  7.326239E+08  1.871180E+09  7.294807E+07  3.891010E-02
2.904180E+05  4.394437E+09  2.800943E+09  2.196547E+08  7.006164E+08  1.810451E+09  7.022029E+07  2.221604E-02
3.012561E+05  4.223572E+09  2.699805E+09  2.139827E+08  6.690842E+08  1.749225E+09  6.751299E+07  1.260329E-02
3.120943E+05  4.064322E+09  2.604832E+09  2.085719E+08  6.399562E+08  1.691311E+09  6.499366E+07  7.522267E-03
3.236098E+05  3.906493E+09  2.509996E+09  2.030765E+08  6.113567E+08  1.633061E+09  6.250191E+07  4.713828E-03
3.358027E+05  3.750795E+09  2.415714E+09  1.975111E+08  5.834244E+08  1.574729E+09  6.004994E+07  3.221249E-03
3.479956E+05  3.605591E+09  2.327109E+09  1.921782E+08  5.576427E+08  1.519519E+09  5.776968E+07  2.482502E-03
3.608659E+05  3.462496E+09  2.239129E+09  1.867753E+08  5.325033E+08  1.464321E+09  5.552936E+07  2.096808E-03
3.744136E+05  3.321967E+09  2.152070E+09  1.813146E+08  5.080872E+08  1.409332E+09  5.333641E+07  1.896651E-03
3.879613E+05  3.190705E+09  2.070151E+09  1.760648E+08  4.855358E+08  1.357255E+09  5.129488E+07  1.793156E-03
4.021863E+05  3.061813E+09  1.989135E+09  1.707601E+08  4.636401E+08  1.305438E+09  4.929678E+07  1.730983E-03
4.177661E+05  2.930225E+09  1.905820E+09  1.651786E+08  4.415534E+08  1.251824E+09  4.726377E+07  1.686840E-03
4.340233E+05  2.802240E+09  1.824210E+09  1.595844E+08  4.203309E+08  1.199002E+09  4.529277E+07  1.651637E-03
4.502806E+05  2.682757E+09  1.747510E+09  1.542081E+08  4.007527E+08  1.149091E+09  4.345803E+07  1.621122E-03
4.665378E+05  2.570897E+09  1.675260E+09  1.490352E+08  3.826309E+08  1.101850E+09  4.174459E+07  1.592730E-03
4.841497E+05  2.457444E+09  1.601550E+09  1.436470E+08  3.644560E+08  1.053436E+09  4.001038E+07  1.563213E-03
5.017617E+05  2.351227E+09  1.532155E+09  1.384705E+08  3.476262E+08  1.007668E+09  3.838946E+07  1.534514E-03
5.207285E+05  2.244119E+09  1.461810E+09  1.331195E+08  3.308346E+08  9.610994E+08  3.675684E+07  1.504310E-03
5.396952E+05  2.143818E+09  1.395615E+09  1.279884E+08  3.152699E+08  9.171278E+08  3.522891E+07  1.474746E-03
5.600167E+05  2.043164E+09  1.328888E+09  1.227224E+08  2.998009E+08  8.726690E+08  3.369566E+07  1.443737E-03
5.809340E+05  1.946200E+09  1.264340E+09  1.175393E+08  2.850358E+08  8.295472E+08  3.221779E+07  1.412512E-03
6.018672E+05  1.855243E+09  1.203568E+09  1.125804E+08  2.713007E+08  7.888567E+08  3.082985E+07  1.381943E-03
6.239022E+05  1.765491E+09  1.143404E+09  1.075964E+08  2.578514E+08  7.484980E+08  2.945789E+07  1.350487E-03
6.470390E+05  1.677258E+09  1.084084E+09  1.026105E+08  2.447232E+08  7.086444E+08  2.810592E+07  1.318235E-03
6.712775E+05  1.590887E+09  1.025865E+09  9.764810E+07  2.319553E+08  6.694828E+08  2.677839E+07  1.285289E-03
6.955161E+05  1.510137E+09  9.713164E+08  9.293805E+07  2.200855E+08  6.327601E+08  2.553274E+07  1.253181E-03
7.219581E+05  1.427820E+09  9.156104E+08  8.806925E+07  2.080438E+08  5.952398E+08  2.425754E+07  1.219075E-03
7.484001E+05  1.351000E+09  8.635500E+08  8.346627E+07  1.968529E+08  5.601691E+08  2.306175E+07  1.185902E-03
7.770456E+05  1.273431E+09  8.109276E+08  7.876246E+07  1.855920E+08  5.247254E+08  2.184781E+07  1.150989E-03
8.056912E+05  1.201232E+09  7.619135E+08  7.433550E+07  1.751393E+08  4.917274E+08  2.071120E+07  1.117108E-03
8.365402E+05  1.128956E+09  7.128313E+08  6.985860E+07  1.646975E+08  4.587092E+08  1.956606E+07  1.081742E-03
8.673892E+05  1.061870E+09  6.672741E+08  6.566413E+07  1.550195E+08  4.280947E+08  1.849577E+07  1.047500E-03
9.004418E+05  9.952473E+08  6.220480E+08  6.146290E+07  1.454166E+08  3.977435E+08  1.742504E+07  1.012020E-03
9.341519E+05  9.324056E+08  5.794189E+08  5.746875E+07  1.363616E+08  3.691814E+08  1.640714E+07  9.770747E-04
9.679160E+05  8.741598E+08  5.399477E+08  5.374072E+07  1.279674E+08  3.427835E+08  1.545610E+07  9.432797E-04
1.003368E+06  8.176532E+08  5.017063E+08  5.010089E+07  1.198188E+08  3.172608E+08  1.452572E+07  9.090565E-04
1.042197E+06  7.608340E+08  4.633215E+08  4.641863E+07  1.116164E+08  2.917048E+08  1.358157E+07  8.730282E-04
1.082714E+06  7.065768E+08  4.267469E+08  4.288296E+07  1.037723E+08  2.674204E+08  1.267124E+07  8.369631E-04
1.123231E+06  6.569590E+08  3.933837E+08  3.963402E+07  9.658594E+07  2.453332E+08  1.183050E+07  8.023915E-04
1.163748E+06  6.115422E+08  3.629307E+08  3.664804E+07  8.999469E+07  2.252346E+08  1.105337E+07  7.692511E-04
1.207641E+06  5.666282E+08  3.329112E+08  3.368473E+07  8.346144E+07  2.054881E+08  1.027700E+07  7.348950E-04
1.251534E+06  5.257407E+08  3.056821E+08  3.097919E+07  7.749885E+07  1.876413E+08  9.562798E+06  7.020760E-04
1.298590E+06  4.859405E+08  2.792853E+08  2.833962E+07  7.167895E+07  1.704066E+08  8.860103E+06  6.685260E-04
1.348593E+06  4.477501E+08  2.540755E+08  2.580278E+07  6.607776E+07  1.540167E+08  8.178199E+06  6.346407E-04
1.398597E+06  4.133122E+08  2.314609E+08  2.351343E+07  6.101128E+07  1.393798E+08  7.556314E+06  6.024751E-04
1.448601E+06  3.822197E+08  2.111568E+08  2.144666E+07  5.642282E+07  1.262987E+08  6.988629E+06  5.719416E-04
1.502771E+06  3.518945E+08  1.914763E+08  1.943293E+07  5.193339E+07  1.136812E+08  6.428782E+06  5.405222E-04
1.556942E+06  3.246696E+08  1.739291E+08  1.762876E+07  4.788992E+07  1.024899E+08  5.920551E+06  5.109226E-04
1.615279E+06  2.984119E+08  1.571336E+08  1.589423E+07  4.397749E+07  9.183691E+07  5.424952E+06  4.808563E-04
1.673347E+06  2.750607E+08  1.423222E+08  1.435857E+07  4.048705E+07  8.249714E+07  4.979421E+06  4.526907E-04
1.733851E+06  2.533214E+08  1.286576E+08  1.293714E+07  3.722769E+07  7.393243E+07  4.560363E+06  4.250995E-04
1.799008E+06  2.324936E+08  1.156983E+08  1.158540E+07  3.409582E+07  6.586229E+07  4.154838E+06  3.972637E-04
1.864166E+06  2.140015E+08  1.043201E+08  1.039620E+07  3.130758E+07  5.882497E+07  3.791391E+06  3.712505E-04
1.933978E+06  1.964362E+08  9.364341E+07  9.279030E+06  2.865267E+07  5.226852E+07  3.443191E+06  3.452665E-04
2.003270E+06  1.809901E+08  8.437860E+07  8.309347E+06  2.631334E+07  4.662123E+07  3.134688E+06  3.212717E-04
2.080564E+06  1.658012E+08  7.540295E+07  7.370670E+06  2.400931E+07  4.119362E+07  2.829355E+06  2.964951E-04
2.161218E+06  1.518857E+08  6.731562E+07  6.526575E+06  2.189634E+07  3.634450E+07  2.548206E+06  2.726778E-04
2.241872E+06  1.396510E+08  6.033067E+07  5.799868E+06  2.003814E+07  3.219242E+07  2.300236E+06  2.507738E-04
2.322526E+06  1.288489E+08  5.427719E+07  5.172784E+06  1.839851E+07  2.862482E+07  2.081070E+06  2.306293E-04
2.407390E+06  1.187954E+08  4.875281E+07  4.603628E+06  1.687474E+07  2.539713E+07  1.877309E+06  2.111680E-04
2.493658E+06  1.097581E+08  4.389060E+07  4.106039E+06  1.550841E+07  2.258139E+07  1.694770E+06  1.930645E-04
2.585318E+06  1.012685E+08  3.942516E+07  3.652665E+06  1.422953E+07  2.001864E+07  1.524325E+06  1.755269E-04
2.682369E+06  9.333815E+07  3.535495E+07  3.243239E+06  1.304082E+07  1.770435E+07  1.366545E+06  1.586910E-04
2.780316E+06  8.627490E+07  3.182299E+07  2.891630E+06  1.198882E+07  1.571481E+07  1.227728E+06  1.433496E-04
2.887248E+06  7.946522E+07  2.850999E+07  2.565527E+06  1.098255E+07  1.386595E+07  1.095967E+06  1.282930E-04
2.994180E+06  7.344702E+07  2.566524E+07  2.288852E+06  1.010158E+07  1.229309E+07  9.817213E+05  1.148177E-04
3.062922E+06  6.993792E+07  2.404568E+07  2.132883E+06  9.592311E+06  1.140421E+07  9.162747E+05  1.069122E-04
